chromosome	start	end	total_cn	major_cn	minor_cn	star	level	methods_agree	absolute_broad_major_cn	absolute_broad_minor_cn	absolute_broad_het_error	absolute_broad_cov_error	aceseq_copy_number	aceseq_minor_cn	aceseq_major_cn	battenberg_nMaj1_A	battenberg_nMin1_A	battenberg_frac1_A	battenberg_nMaj2_A	battenberg_nMin2_A	battenberg_frac2_A	battenberg_SDfrac_A	battenberg_SDfrac_A_BS	battenberg_frac1_A_0.025	battenberg_frac1_A_0.975	clonehd_copy_number	clonehd_minor_cn	clonehd_major_cn	sclust_nMaj1_A	sclust_nMin1_A	sclust_frac1_A	sclust_nMaj2_A	sclust_nMin2_A	sclust_frac2_A	jabba_copy_number	jabba_minor_cn	jabba_major_cn
1	1	804428	3	2	1	2	d	3	2	1	0.05	0.357754897462	NA	NA	NA	2	1	1	NA	NA	NA	NA	NA	NA	NA	NA	NA	NA	1	1	1	NA	NA	NA	3	1	2
1	804429	1610031	3	2	1	2	d	3	2	1	0.05	0.20269602304	2.310442	1.155220972	1.155221	1	1	0.89294828974188	2	1	0.10705171025812	0.0473163918632651	0.0486838316854837	0.797381332900542	0.995746968150956	3	1	2	1	1	1	NA	NA	NA	3	1	2
1	1610032	1708018	4	3	1	1	g	NA	2	1	0.05	0.1	2.310442	1.155220972	1.155221	2	1	1	NA	NA	NA	NA	NA	NA	NA	4	2	2	3	1	1	NA	NA	NA	4	1	3
1	1708019	14135889	2	1	1	2	d	5	1	1	0.0573339912383	0.161553135715	2.176842	1.088420883	1.0884209	1	1	1	NA	NA	NA	NA	NA	NA	NA	2	1	1	1	1	1	NA	NA	NA	2	1	1
1	14135890	14161008	1	1	0	2	d	4	1	0	0.05	0.1	1.199861	0	1.1998614	1	0	0.354851322614671	2	0	0.645148677385329	0.245652921683573	0.21395012212775	0.0636515587027421	0.890527718251163	1	0	1	1	0	1	NA	NA	NA	1	0	1
1	14161009	35621135	2	1	1	2	d	5	1	1	0.0561792391983	0.138158354413	2.162102	1.081051005	1.081051	1	1	1	NA	NA	NA	NA	NA	NA	NA	2	1	1	1	1	1	NA	NA	NA	2	1	1
1	35621136	40119822	3	2	1	3	a	6	2	1	0.0752429215284	0.152092006429	3	1	2	2	1	1	NA	NA	NA	NA	NA	NA	NA	3	1	2	2	1	1	NA	NA	NA	3	1	2
1	40119823	49998403	3	2	1	3	a	6	2	1	0.0696885383916	0.168925026532	3	1	2	2	1	1	NA	NA	NA	NA	NA	NA	NA	3	1	2	2	1	1	NA	NA	NA	3	1	2
1	49998404	50118752	3	2	1	3	a	6	2	1	0.05	0.164828546139	3	1	2	2	1	1	NA	NA	NA	NA	NA	NA	NA	3	1	2	2	1	1	NA	NA	NA	3	1	2
1	50118753	50167529	3	2	1	2	d	3	2	1	0.05	0.154672113095	NA	NA	NA	1	1	1	NA	NA	NA	NA	NA	NA	NA	NA	NA	NA	2	1	1	NA	NA	NA	3	1	2
1	50167530	52505440	3	2	1	2	d	5	2	1	0.0666681706274	0.143825373758	3.115854	1.055717939	2.0601355	2	1	1	NA	NA	NA	NA	NA	NA	NA	3	1	2	2	1	1	NA	NA	NA	3	1	2
1	52505441	56485815	2	1	1	3	a	6	1	1	0.0617557467358	0.116566363631	2	1	1	1	1	1	NA	NA	NA	NA	NA	NA	NA	2	1	1	1	1	1	NA	NA	NA	2	1	1
1	56485816	57612640	3	2	1	3	a	6	2	1	0.078235126132	0.131347741122	3	1	2	2	1	1	NA	NA	NA	NA	NA	NA	NA	3	1	2	2	1	1	NA	NA	NA	3	1	2
1	57612641	58329697	3	2	1	3	a	6	2	1	0.0644550018285	0.143480427586	3	1	2	2	1	1	NA	NA	NA	NA	NA	NA	NA	3	1	2	2	1	1	NA	NA	NA	3	1	2
1	58329698	94011720	2	1	1	3	a	6	1	1	0.0613450816771	0.127232876486	2	1	1	1	1	1	NA	NA	NA	NA	NA	NA	NA	2	1	1	1	1	1	NA	NA	NA	2	1	1
1	94011721	94017308	2	1	1	3	b	5	1	1	0.05	0.1	2	1	1	1	1	1	NA	NA	NA	NA	NA	NA	NA	NA	NA	NA	1	1	1	NA	NA	NA	2	1	1
1	94017309	120602499	2	1	1	3	a	6	1	1	0.0631403395007	0.132985464543	2	1	1	1	1	1	NA	NA	NA	NA	NA	NA	NA	2	1	1	1	1	1	NA	NA	NA	2	1	1
1	120602500	128899999	NA	NA	NA	NA	NA	NA	1	1	0.05	0.700660551882	2	1	1	1	1	1	NA	NA	NA	NA	NA	NA	NA	NA	NA	NA	1	1	1	NA	NA	NA	3	1	2
1	128900000	143664938	3	2	1	1	g	NA	1	1	0.05	0.500785066458	NA	NA	NA	NA	NA	NA	NA	NA	NA	NA	NA	NA	NA	NA	NA	NA	NA	NA	NA	NA	NA	NA	3	1	2
1	143664939	146476001	3	2	1	1	g	NA	2	2	0.05	0.254151658973	NA	NA	NA	8	0	1	NA	NA	NA	NA	NA	NA	NA	NA	NA	NA	5	0	0.245381	5	1	0.754619	3	1	2
1	146476002	147394393	7	6	1	2	d	4	5	0.67	0.0534863301845	0.22902696402	7	1	6	6	1	1	NA	NA	NA	NA	NA	NA	NA	7	1	6	5	0	0.245381	5	1	0.754619	7	1	6
1	147394394	149658600	7	6	1	1	g	NA	2	1	0.0735800108031	0.241664094468	7	1	6	3	1	1	NA	NA	NA	NA	NA	NA	NA	4	1	3	3	1	1	NA	NA	NA	7	1	6
1	149658601	151115713	8	7	1	2	d	2	5.67	0.74	0.0511879628844	0.394736181074	7.740907	1.181680486	6.5592262	7	1	0.859035797347202	7	2	0.140964202652798	0.0283426964472652	0.0282193322701267	0.811726016135317	0.923813733152109	8	1	7	3	1	1	NA	NA	NA	8	1	7
1	151115714	151226701	9	8	1	2	d	2	5.67	0.74	0.05	0.1	7.740907	1.181680486	6.5592262	8	1	1	NA	NA	NA	NA	NA	NA	NA	8	1	7	9	2	0.56632	9	1	0.43368	9	1	8
1	151226702	167898571	7	6	1	2	d	4	5.39	0.79	0.0527251235794	0.367116658727	7	1	6	6	1	1	NA	NA	NA	NA	NA	NA	NA	7	1	6	7	1	1	NA	NA	NA	7	1	6
1	167898572	167900814	7	6	1	2	d	2	NA	NA	NA	NA	7	1	6	NA	NA	NA	NA	NA	NA	NA	NA	NA	NA	NA	NA	NA	7	1	1	NA	NA	NA	7	1	6
1	167900815	170403636	2	1	1	2	d	4	0.86	0.86	0.0602239389515	0.123486215841	2	1	1	1	0	0.148225444972786	1	1	0.851774555027214	0.0209906945691803	0.0209495862455424	0.0452587375710615	0.128195845456013	2	1	1	1	1	1	NA	NA	NA	2	1	1
1	170403637	192184955	3	2	1	2	d	5	1.67	0.86	0.0746685275658	0.137641425345	3	1	2	2	1	1	NA	NA	NA	NA	NA	NA	NA	3	1	2	2	1	1	NA	NA	NA	3	1	2
1	192184956	207846298	2	2	0	3	a	6	2	0	0.0830792092697	0.114270868501	2	0	2	2	0	1	NA	NA	NA	NA	NA	NA	NA	2	0	2	2	0	1	NA	NA	NA	2	0	2
1	207846299	226187374	3	2	1	2	d	5	1.67	0.86	0.0704238334403	0.140967717955	3	1	2	2	1	1	NA	NA	NA	NA	NA	NA	NA	3	1	2	2	1	1	NA	NA	NA	3	1	2
1	226187375	226779390	5	4	1	2	d	2	3.49	1	0.0706945596407	0.190398839751	5.20727	1.091463886	4.1158065	4	1	0.739040210598704	5	1	0.260959789401296	0.0926192378743224	0.0885316944939221	0.644553634972531	0.993719483474477	5	1	4	5	1	0.131167	4	1	0.868833	5	1	4
1	226779391	245330806	7	6	1	2	d	4	5.49	0.86	0.0539884878166	0.294077687392	7	1	6	6	1	1	NA	NA	NA	NA	NA	NA	NA	7	1	6	7	1	1	NA	NA	NA	7	1	6
1	245330807	246501402	7	6	1	2	d	3	5.49	0.79	0.0601234484437	0.316015995703	6.782309	0.934172769	5.8481358	6	0	0.154925235085552	6	1	0.845074764914448	0.0261896102707608	0.0256421296972036	0.127380544220017	0.231174125798265	7	1	6	6	1	1	NA	NA	NA	7	1	6
1	246501403	246639971	5	4	1	2	e	4	4	1	0.0448509016261	0.39911782396	5.752327	1.128621551	4.623706	4	1	0.625566185739159	5	1	0.374433814260841	0.181771543605542	0.18383964134464	0.204052781434053	0.924461322782008	5	1	4	5	1	1	NA	NA	NA	7	1	6
1	246639972	247249600	7	6	1	2	d	3	5	1	0.0646723435141	0.294638475074	7.316021	1.158415284	6.1576056	6	1	1	NA	NA	NA	NA	NA	NA	NA	7	1	6	7	2	0.367295	7	1	0.632705	7	1	6
1	247249601	249250620	7	6	1	2	d	4	NA	NA	NA	NA	7	1	6	6	1	1	NA	NA	NA	NA	NA	NA	NA	7	1	6	7	2	0.367295	7	1	0.632705	7	1	6
2	20016	52743938	3	3	0	2	d	4	2.67	0	0.0713450007338	0.144345837864	2.87913	0.085047123	2.7940826	3	0	1	NA	NA	NA	NA	NA	NA	NA	3	0	3	3	0	1	NA	NA	NA	3	0	3
2	52743939	63608610	3	3	0	2	d	4	2.67	0	0.0735227657896	0.140955512925	2.876242	0.103819897	2.7724224	3	0	1	NA	NA	NA	NA	NA	NA	NA	3	0	3	3	0	1	NA	NA	NA	3	0	3
2	63608611	63792327	0	0	0	2	d	3	0	0	0.05	0.078803425678	0.215738	0.107868878	0.1078689	0	0	1	NA	NA	NA	NA	NA	NA	NA	1	0	1	3	0	1	NA	NA	NA	0	0	0
2	63792328	90499999	3	3	0	2	d	4	2.67	0	0.070586141059	0.150595530009	2.874501	0.103471569	2.7710291	3	0	1	NA	NA	NA	NA	NA	NA	NA	3	0	3	3	0	1	NA	NA	NA	3	0	3
2	90500000	96799999	3	3	0	2	d	3	2.67	0	0.0429680676783	0.247041290632	2.729723	0.037910433	2.6918123	NA	NA	NA	NA	NA	NA	NA	NA	NA	NA	3	0	3	3	0	1	NA	NA	NA	3	0	3
2	96800000	98059000	3	3	0	2	d	4	2.67	0	0.0703205557456	0.282565045397	2.909467	0.028993993	2.880473	3	0	1	NA	NA	NA	NA	NA	NA	NA	3	0	3	3	0	1	NA	NA	NA	3	0	3
2	98059001	98166133	1	1	0	2	d	2	2.67	0	0.05	0.1	2.909467	0.028993993	2.880473	2	0	0.528184574276753	3	0	0.471815425723247	0.284556129854158	0.242096192126383	0.229063431092368	1.19178810543628	1	0	1	1	0	1	NA	NA	NA	3	0	3
2	98166134	208420571	3	3	0	2	d	4	2.67	0	0.0721342017505	0.156449504033	2.889396	0.106450626	2.7829454	3	0	1	NA	NA	NA	NA	NA	NA	NA	3	0	3	3	0	1	NA	NA	NA	3	0	3
2	208420572	208426945	2	2	0	2	d	2	2.67	0	0.05	0.1	2.889396	0.106450626	2.7829454	2	0	1	NA	NA	NA	NA	NA	NA	NA	NA	NA	NA	3	0	1	NA	NA	NA	2	0	2
2	208426946	242951000	3	3	0	2	d	4	2.67	0	0.070123721589	0.151323685089	2.956775	0.085094125	2.871681	3	0	1	NA	NA	NA	NA	NA	NA	NA	3	0	3	3	0	1	NA	NA	NA	3	0	3
3	62886	60305606	2	1	1	3	a	6	1	1	0.0629517826255	0.132747096517	2	1	1	1	1	1	NA	NA	NA	NA	NA	NA	NA	2	1	1	1	1	1	NA	NA	NA	2	1	1
3	60305607	60319045	1	1	0	2	d	3	1	1	0.05	0.1	2	1	1	0	0	0.691023071784597	1	0	0.308976928215403	NA	0	0.691023071784597	0.691023071784597	1	0	1	1	0	1	NA	NA	NA	1	0	1
3	60319046	60345143	1	1	0	2	d	3	1	1	0.05	0.1	NA	NA	NA	NA	NA	NA	NA	NA	NA	NA	NA	NA	NA	1	0	1	1	0	1	NA	NA	NA	1	0	1
3	60345144	60390351	1	1	0	2	d	4	1	1	0.05	0.1	1.142161	0.118815677	1.0233456	1	0	1	NA	NA	NA	NA	NA	NA	NA	1	0	1	1	0	1	NA	NA	NA	1	0	1
3	60390352	60461542	0	0	0	2	d	4	0	0	0.05	0.0870348390015	1.142161	0.118815677	1.0233456	0	0	1	NA	NA	NA	NA	NA	NA	NA	1	0	1	0	0	1	NA	NA	NA	0	0	0
3	60461543	60469531	0	0	0	1	g	NA	1	1	0.05	0.1	NA	NA	NA	NA	NA	NA	NA	NA	NA	NA	NA	NA	NA	1	0	1	0	0	1	NA	NA	NA	0	0	0
3	60469532	60495558	2	2	0	1	g	NA	1	1	0.05	0.1	NA	NA	NA	1	0	1	NA	NA	NA	NA	NA	NA	NA	1	0	1	0	0	1	NA	NA	NA	2	0	2
3	60495559	60504334	0	0	0	2	d	3	1	1	0.05	0.1	NA	NA	NA	0	0	1	NA	NA	NA	NA	NA	NA	NA	1	0	1	0	0	1	NA	NA	NA	0	0	0
3	60504335	60523743	2	2	0	1	g	NA	1	0	0.05	0.1	NA	NA	NA	2	0	1	NA	NA	NA	NA	NA	NA	NA	1	0	1	0	0	1	NA	NA	NA	2	0	2
3	60523744	60541836	1	1	0	2	d	3	0	0	0.05	0.1	NA	NA	NA	1	0	1	NA	NA	NA	NA	NA	NA	NA	1	0	1	1	1	1	NA	NA	NA	1	0	1
3	60541837	60596971	2	1	1	3	a	6	1	1	0.05	0.108265301881	2	1	1	1	1	1	NA	NA	NA	NA	NA	NA	NA	2	1	1	1	1	1	NA	NA	NA	2	1	1
3	60596972	60637370	1	1	0	2	d	3	0.51	0.51	0.05	0.1	2	1	1	1	0	1	NA	NA	NA	NA	NA	NA	NA	1	0	1	1	1	1	NA	NA	NA	1	0	1
3	60637371	60714569	2	1	1	2	d	4	1	0	0.05	0.163100601702	NA	NA	NA	1	1	1	NA	NA	NA	NA	NA	NA	NA	2	1	1	1	1	1	NA	NA	NA	2	1	1
3	60714570	60943465	1	1	0	2	d	5	1	0	0.05	0.0979813812349	1.164419	0.126234867	1.038184	1	0	1	NA	NA	NA	NA	NA	NA	NA	1	0	1	1	0	1	NA	NA	NA	1	0	1
3	60943466	76884210	2	1	1	3	a	6	1	1	0.0638732919227	0.126089659026	2	1	1	1	1	1	NA	NA	NA	NA	NA	NA	NA	2	1	1	1	1	1	NA	NA	NA	2	1	1
3	76884211	76953253	1	1	0	2	d	4	1	0	0.05	0.117649400299	1.194774	0.136353255	1.0584208	1	0	0.866177355964747	1	1	0.133822644035253	0.0680640010237402	0.0681239752866706	0.696979349407997	0.96241310040983	1	0	1	1	0	1	NA	NA	NA	1	0	1
3	76953254	87899999	2	1	1	3	a	6	1	1	0.0669499090298	0.122500226376	2	1	1	1	1	1	NA	NA	NA	NA	NA	NA	NA	2	1	1	1	1	1	NA	NA	NA	2	1	1
3	87900000	93899999	2	1	1	2	d	5	1	1	0.061755732585	0.126336736761	2.124168	1.062084147	1.0620841	1	1	1	NA	NA	NA	NA	NA	NA	NA	2	1	1	1	1	1	NA	NA	NA	2	1	1
3	93900000	111538819	2	1	1	3	a	6	1	1	0.0638805692047	0.125895137882	2	1	1	1	1	1	NA	NA	NA	NA	NA	NA	NA	2	1	1	1	1	1	NA	NA	NA	2	1	1
3	111538820	124215532	3	2	1	3	a	6	2	1	0.0737775773955	0.158996911184	3	1	2	2	1	1	NA	NA	NA	NA	NA	NA	NA	3	1	2	2	1	1	NA	NA	NA	3	1	2
3	124215533	124363048	4	2	2	3	a	6	2	2	0.0538915549608	0.155067729417	4	2	2	2	2	1	NA	NA	NA	NA	NA	NA	NA	4	2	2	2	2	1	NA	NA	NA	4	2	2
3	124363049	149710024	3	2	1	3	a	6	2	1	0.0737492906961	0.152384344719	3	1	2	2	1	1	NA	NA	NA	NA	NA	NA	NA	3	1	2	2	1	1	NA	NA	NA	3	1	2
3	149710025	149719061	2	1	1	1	g	NA	2	1	0.05	0.1	3	1	2	1	1	1	NA	NA	NA	NA	NA	NA	NA	2	1	1	1	0	1	NA	NA	NA	2	1	1
3	149719062	153127882	1	1	0	2	d	5	1	0	0.0939869286246	0.0981426659195	1.165713	0.126666174	1.0390466	1	0	1	NA	NA	NA	NA	NA	NA	NA	1	0	1	1	0	1	NA	NA	NA	1	0	1
3	153127883	175227835	2	1	1	2	d	5	1	1	0.0626728717863	0.142991155035	2.122844	1.061421771	1.0614218	1	1	1	NA	NA	NA	NA	NA	NA	NA	2	1	1	1	1	1	NA	NA	NA	2	1	1
3	175227836	175347079	1	1	0	2	d	2	NA	NA	NA	NA	2.122844	1.061421771	1.0614218	1	0	1	NA	NA	NA	NA	NA	NA	NA	NA	NA	NA	1	1	1	NA	NA	NA	1	0	1
3	175347080	189195727	2	1	1	2	d	5	1	1	0.0627579933701	0.125874111266	2.124073	1.062036522	1.0620365	1	1	1	NA	NA	NA	NA	NA	NA	NA	2	1	1	1	1	1	NA	NA	NA	2	1	1
3	189195728	189428990	3	2	1	3	a	6	2	1	0.071779791122	0.178308483428	3	1	2	2	1	1	NA	NA	NA	NA	NA	NA	NA	3	1	2	2	1	1	NA	NA	NA	3	1	2
3	189428991	189436736	4	3	1	1	g	NA	2	1	0.05	0.1	3	1	2	3	1	1	NA	NA	NA	NA	NA	NA	NA	4	1	3	2	1	1	NA	NA	NA	4	1	3
3	189436737	197847500	3	2	1	2	d	5	2	1	0.0714798925871	0.180204236056	3.122596	1.09189533	2.0307001	2	1	1	NA	NA	NA	NA	NA	NA	NA	3	1	2	2	1	1	NA	NA	NA	3	1	2
4	9997	4121973	3	2	1	2	d	5	2	1	0.0703848196455	0.219258636781	3.10647	1.063687563	2.0427827	2	1	1	NA	NA	NA	NA	NA	NA	NA	3	1	2	2	1	1	NA	NA	NA	3	1	2
4	4121974	4126014	3	2	1	2	d	4	2	1	0.05	0.1	3.10647	1.063687563	2.0427827	2	1	1	NA	NA	NA	NA	NA	NA	NA	NA	NA	NA	2	1	1	NA	NA	NA	3	1	2
4	4126015	19549162	3	2	1	2	d	5	2	1	0.0698830003177	0.153662780101	2.916826	1.030960007	1.8858656	2	1	1	NA	NA	NA	NA	NA	NA	NA	3	1	2	2	1	1	NA	NA	NA	3	1	2
4	19549163	19551119	2	1	1	1	g	NA	2	1	0.05	0.1	2.916826	1.030960007	1.8858656	0	0	0.470325265916448	1	0	0.529674734083551	NA	0	0.470325265916448	0.470325265916448	1	0	1	2	1	1	NA	NA	NA	2	1	1
4	19551120	48199999	3	2	1	3	a	6	2	1	0.075817959799	0.15567532558	3	1	2	2	1	1	NA	NA	NA	NA	NA	NA	NA	3	1	2	2	1	1	NA	NA	NA	3	1	2
4	48200000	52699999	3	2	1	3	a	6	2	1	0.0572338518601	0.30039575682	3	1	2	2	1	1	NA	NA	NA	NA	NA	NA	NA	3	1	2	2	1	1	NA	NA	NA	3	1	2
4	52700000	55028870	3	2	1	2	d	5	2	1	0.0726212139754	0.147673720267	2.920951	1.039314998	1.8816362	2	1	1	NA	NA	NA	NA	NA	NA	NA	3	1	2	2	1	1	NA	NA	NA	3	1	2
4	55028871	63614536	3	2	1	3	a	6	2	1	0.071520305469	0.151106422872	3	1	2	2	1	1	NA	NA	NA	NA	NA	NA	NA	3	1	2	2	1	1	NA	NA	NA	3	1	2
4	63614537	63614547	3	2	1	3	b	5	2	1	0.05	0.1	3	1	2	2	1	1	NA	NA	NA	NA	NA	NA	NA	NA	NA	NA	2	1	1	NA	NA	NA	3	1	2
4	63614548	70712609	3	2	1	3	a	6	2	1	0.0726730302573	0.161992301512	3	1	2	2	1	1	NA	NA	NA	NA	NA	NA	NA	3	1	2	2	1	1	NA	NA	NA	3	1	2
4	70712610	70712645	3	2	1	3	b	5	2	1	0.05	0.1	3	1	2	2	1	1	NA	NA	NA	NA	NA	NA	NA	NA	NA	NA	2	1	1	NA	NA	NA	3	1	2
4	70712646	91345772	3	2	1	3	a	6	2	1	0.0758110065882	0.153048226999	3	1	2	2	1	1	NA	NA	NA	NA	NA	NA	NA	3	1	2	2	1	1	NA	NA	NA	3	1	2
4	91345773	91364327	3	2	1	2	d	3	2	1	0.05	0.1	3	1	2	1	1	0.518267303838441	2	1	0.481732696161559	NA	0	0.518267303838441	0.518267303838441	2	1	1	2	1	1	NA	NA	NA	2	1	1
4	91364328	117637111	3	2	1	3	a	6	2	1	0.0731560152445	0.153767773416	3	1	2	2	1	1	NA	NA	NA	NA	NA	NA	NA	3	1	2	2	1	1	NA	NA	NA	3	1	2
4	117637112	117666003	2	1	1	3	b	6	1	1	0.05	0.1	3	1	2	1	1	1	NA	NA	NA	NA	NA	NA	NA	2	1	1	1	1	1	NA	NA	NA	2	1	1
4	117666004	185947897	3	2	1	3	a	6	2	1	0.0743305787977	0.159994655441	3	1	2	2	1	1	NA	NA	NA	NA	NA	NA	NA	3	1	2	2	1	1	NA	NA	NA	3	1	2
4	185947898	186071868	4	2	2	3	a	6	2	2	0.0615164079231	0.175286996583	4	2	2	2	2	1	NA	NA	NA	NA	NA	NA	NA	4	2	2	2	2	1	NA	NA	NA	4	2	2
4	186071869	186071907	4	2	2	2	d	2	NA	NA	NA	NA	4	2	2	NA	NA	NA	NA	NA	NA	NA	NA	NA	NA	NA	NA	NA	2	2	1	NA	NA	NA	3	1	2
4	186071908	186095445	3	2	1	2	d	4	1	1	0.05	0.1	3.377443	1.212163613	2.1652797	2	1	1	NA	NA	NA	NA	NA	NA	NA	3	1	2	2	1	1	NA	NA	NA	3	1	2
4	186095446	186154543	4	2	2	3	b	6	2	2	0.05	0.1	4	2	2	2	2	1	NA	NA	NA	NA	NA	NA	NA	4	2	2	2	2	1	NA	NA	NA	3	1	2
4	186154544	186157134	3	2	1	2	d	3	NA	NA	NA	NA	4	2	2	2	1	1	NA	NA	NA	NA	NA	NA	NA	3	1	2	2	1	1	NA	NA	NA	2	1	1
4	186157135	186208946	3	2	1	2	d	5	2	1	0.05	0.1	3.259533	1.146670551	2.112863	2	1	1	NA	NA	NA	NA	NA	NA	NA	3	1	2	2	1	1	NA	NA	NA	3	1	2
4	186208947	186277981	4	2	2	2	d	5	2	2	0.05	0.223014981609	3.259533	1.146670551	2.112863	2	2	1	NA	NA	NA	NA	NA	NA	NA	4	2	2	2	2	1	NA	NA	NA	4	2	2
4	186277982	186340863	4	2	2	2	d	2	2	2	0.05	0.103615510485	NA	NA	NA	NA	NA	NA	NA	NA	NA	NA	NA	NA	NA	NA	NA	NA	3	2	1	NA	NA	NA	4	2	2
4	186340864	186342548	5	3	2	1	h	1	2	2	0.05	0.1	NA	NA	NA	NA	NA	NA	NA	NA	NA	NA	NA	NA	NA	NA	NA	NA	3	2	1	NA	NA	NA	NA	NA	NA
4	186342549	186350866	3	2	1	1	g	NA	2	2	0.05	0.1	NA	NA	NA	1	0	0.19269307846462	1	1	0.80730692153538	NA	0	0.19269307846462	0.19269307846462	3	1	2	3	2	1	NA	NA	NA	3	1	2
4	186350867	186368884	4	2	2	2	d	2	2	2	0.05	0.1	NA	NA	NA	2	2	0.201746149641941	3	2	0.798253850358059	NA	0	0.201746149641941	0.201746149641941	NA	NA	NA	3	2	1	NA	NA	NA	4	2	2
4	186368885	186368985	5	3	2	2	d	2	2	2	0.05	0.1	NA	NA	NA	NA	NA	NA	NA	NA	NA	NA	NA	NA	NA	NA	NA	NA	3	2	1	NA	NA	NA	5	2	3
4	186368986	186379387	5	3	2	2	d	4	2	2	0.05	0.1	NA	NA	NA	3	2	1	NA	NA	NA	NA	NA	NA	NA	5	2	3	3	2	1	NA	NA	NA	5	2	3
4	186379388	186406696	4	2	2	2	d	4	2	2	0.05	0.1	3.70597	1.852984822	1.8529848	2	2	1	NA	NA	NA	NA	NA	NA	NA	4	2	2	2	2	1	NA	NA	NA	4	1	3
4	186406697	186972770	4	2	2	2	d	5	2	2	0.0498351384629	0.175871503027	3.888699	1.944349637	1.9443496	2	2	1	NA	NA	NA	NA	NA	NA	NA	4	2	2	2	2	1	NA	NA	NA	4	2	2
4	186972771	191154275	2	2	0	2	d	5	2	0	0.0894152684137	0.145986145768	2.119769	0.10017321	2.0195961	2	0	1	NA	NA	NA	NA	NA	NA	NA	2	0	2	2	0	1	NA	NA	NA	2	0	2
5	22500	849604	4	3	1	2	f	1	3.26	1.58	0.0545864209828	0.407485809515	6.156497	2.186564696	3.9699321	NA	NA	NA	NA	NA	NA	NA	NA	NA	NA	NA	NA	NA	NA	NA	NA	NA	NA	NA	NA	NA	NA
5	849605	46099999	5	3	2	2	e	2	3.26	1.58	0.0641283482304	0.212010681735	5.707809	1.943999871	3.7638093	4	2	1	NA	NA	NA	NA	NA	NA	NA	5	2	3	4	2	1	NA	NA	NA	5	2	3
5	46100000	50699999	NA	NA	NA	NA	NA	NA	2	0	0.0859416620702	0.626959528436	3.501858	0.66379619	2.8380619	NA	NA	NA	NA	NA	NA	NA	NA	NA	NA	3	1	2	4	2	1	NA	NA	NA	3	0	3
5	50700000	51482228	2	2	0	2	d	5	2	0	0.0955727437201	0.116672701143	2.084015	0.128146569	1.9558683	2	0	1	NA	NA	NA	NA	NA	NA	NA	2	0	2	2	0	1	NA	NA	NA	2	0	2
5	51482229	59193696	1	1	0	2	d	5	1	0	0.0981108197804	0.0977980453635	1.132002	0.115429332	1.016573	1	0	1	NA	NA	NA	NA	NA	NA	NA	1	0	1	1	0	1	NA	NA	NA	1	0	1
5	59193697	59398496	0	0	0	2	d	3	0	0	0.0976500680071	0.0723774913486	0.240108	0.120053921	0.1200539	0	0	0.735162632958224	1	0	0.264837367041776	0.0637543657927701	0.0652938972400597	0.604439375857946	0.858099237917573	1	0	1	0	0	1	NA	NA	NA	0	0	0
5	59398497	62999940	1	1	0	2	d	5	1	0	0.103112558265	0.105320331752	1.146971	0.120418968	1.0265522	1	0	1	NA	NA	NA	NA	NA	NA	NA	1	0	1	1	0	1	NA	NA	NA	1	0	1
5	62999941	73619256	2	2	0	3	a	6	2	0	0.0813262697535	0.166978296339	2	0	2	2	0	1	NA	NA	NA	NA	NA	NA	NA	2	0	2	2	0	1	NA	NA	NA	2	0	2
5	73619257	73637318	1	1	0	2	d	3	1	0	0.05	0.1	2	0	2	0	0	0.304801911515341	1	0	0.695198088484659	0.157083889418298	0.147767085087544	0.0813597188334979	0.654320817164316	1	0	1	2	0	1	NA	NA	NA	1	0	1
5	73637319	130636321	2	2	0	2	d	5	2	0	0.087041305985	0.145639980599	2.062343	0.122728732	1.9396148	2	0	1	NA	NA	NA	NA	NA	NA	NA	2	0	2	2	0	1	NA	NA	NA	2	0	2
5	130636322	179881127	3	3	0	3	a	6	3	0	0.0671132409286	0.16571973597	3	0	3	3	0	1	NA	NA	NA	NA	NA	NA	NA	3	0	3	3	0	1	NA	NA	NA	3	0	3
5	179881128	179881183	3	3	0	2	d	3	NA	NA	NA	NA	3	0	3	NA	NA	NA	NA	NA	NA	NA	NA	NA	NA	NA	NA	NA	3	0	1	NA	NA	NA	3	0	3
5	179881184	180712485	3	3	0	2	d	2	3.49	0	0.0497676717446	0.218113069146	3.33822	0.032560518	3.3056597	3	0	0.477663018344371	4	0	0.522336981655629	0.1138746639305	0.115574584584748	0.333899777601955	0.789800586674205	4	0	4	3	0	1	NA	NA	NA	3	0	3
6	39681	204483	3	3	0	1	g	NA	NA	NA	NA	NA	NA	NA	NA	NA	NA	NA	NA	NA	NA	NA	NA	NA	NA	NA	NA	NA	NA	NA	NA	NA	NA	NA	3	0	3
6	204484	29855401	3	3	0	2	d	5	2.8	0	0.0680862959221	0.157838032829	3	0	3	3	0	1	NA	NA	NA	NA	NA	NA	NA	3	0	3	3	0	1	NA	NA	NA	3	0	3
6	29855402	29855677	3	3	0	3	b	5	3	0	0.05	0.1	3	0	3	3	0	1	NA	NA	NA	NA	NA	NA	NA	NA	NA	NA	3	0	1	NA	NA	NA	3	0	3
6	29855678	57330007	3	3	0	3	a	6	3	0	0.0691297006187	0.158855775164	3	0	3	3	0	1	NA	NA	NA	NA	NA	NA	NA	3	0	3	3	0	1	NA	NA	NA	3	0	3
6	57330008	58147499	1	1	0	2	d	5	1	0	0.0926252544957	0.145891284459	1.43399	0.163365231	1.2706247	1	0	1	NA	NA	NA	NA	NA	NA	NA	1	0	1	1	0	1	NA	NA	NA	1	0	1
6	58147500	58699999	3	3	0	2	d	5	3	0	0.05	0.149765428126	1.43399	0.163365231	1.2706247	3	0	1	NA	NA	NA	NA	NA	NA	NA	3	0	3	3	0	1	NA	NA	NA	3	0	3
6	58700000	63299999	NA	NA	NA	NA	NA	NA	1	0	0.110669448711	0.597872878504	2.157457	0.208655288	1.948802	NA	NA	NA	NA	NA	NA	NA	NA	NA	NA	2	0	2	2	0	0.532372	1	0	0.467628	3	0	3
6	63300000	65691693	3	3	0	2	d	5	3	0	0.068132854019	0.154978056766	3.100221	0.118476047	2.9817454	3	0	1	NA	NA	NA	NA	NA	NA	NA	3	0	3	3	0	1	NA	NA	NA	3	0	3
6	65691694	65691733	3	3	0	2	d	2	NA	NA	NA	NA	3.100221	0.118476047	2.9817454	NA	NA	NA	NA	NA	NA	NA	NA	NA	NA	NA	NA	NA	3	0	1	NA	NA	NA	3	0	3
6	65691734	66448402	3	3	0	1	g	NA	4	0	0.0583632806422	0.274567928307	3.868481	0.166269899	3.7022112	4	0	0.89863742268552	4	1	0.10136257731448	0.0514965145214717	0.0503196868546506	0.768965831820275	0.970818567979408	3	0	3	4	0	1	NA	NA	NA	3	0	3
6	66448403	170916091	3	3	0	2	d	5	3	0	0.0698819961319	0.152332250972	3.001103	0.103388991	2.8977136	3	0	1	NA	NA	NA	NA	NA	NA	NA	3	0	3	3	0	1	NA	NA	NA	3	0	3
7	47501	57999999	3	3	0	2	d	5	3	0	0.069940708542	0.149133858753	3.041809	0.101446806	2.9403623	3	0	1	NA	NA	NA	NA	NA	NA	NA	3	0	3	3	0	1	NA	NA	NA	3	0	3
7	58000000	61699999	3	3	0	2	d	3	3	0	0.05	0.251202758736	3.041809	0.101446806	2.9403623	NA	NA	NA	NA	NA	NA	NA	NA	NA	NA	3	0	3	4	0	0.123426	3	0	0.876574	3	0	3
7	61700000	64448612	3	3	0	2	d	5	3	0	0.073564826276	0.225808069583	3.188175	0.091054798	3.0971202	3	0	1	NA	NA	NA	NA	NA	NA	NA	3	0	3	3	0	1	NA	NA	NA	3	0	3
7	64448613	69910000	3	3	0	2	d	5	3	0	0.0677138856443	0.164995481372	3.145525	0.091858529	3.0536668	3	0	1	NA	NA	NA	NA	NA	NA	NA	3	0	3	3	0	1	NA	NA	NA	3	0	3
7	69910001	70133059	2	2	0	2	d	5	2	0	0.0946324302747	0.158595816996	2.042633	0.117801177	1.9248321	2	0	1	NA	NA	NA	NA	NA	NA	NA	2	0	2	2	0	1	NA	NA	NA	2	0	2
7	70133060	72639201	3	3	0	2	d	5	3	0	0.0627743654626	0.143121243754	3.161187	0.094772282	3.0664144	3	0	1	NA	NA	NA	NA	NA	NA	NA	3	0	3	3	0	1	NA	NA	NA	3	0	3
7	72639202	76600592	3	3	0	2	d	3	3	0	0.0618863771997	0.170178298571	3.275841	0.000329426	3.2755116	4	0	1	NA	NA	NA	NA	NA	NA	NA	4	0	4	3	0	1	NA	NA	NA	3	0	3
7	76600593	77285632	3	3	0	2	d	5	3	0	0.0774356404362	0.160314544379	3.103932	0.080093156	3.0238385	3	0	1	NA	NA	NA	NA	NA	NA	NA	3	0	3	3	0	1	NA	NA	NA	3	0	3
7	77285633	80727257	4	4	0	2	d	4	3.8	0	0.0556683620327	0.166089636019	4.059204	0.110068215	3.9491361	4	0	1	NA	NA	NA	NA	NA	NA	NA	4	0	4	4	0	1	NA	NA	NA	4	0	4
7	80727258	81741301	4	4	0	2	d	5	4	0	0.0590422736738	0.173990159982	4.024662	0.109660178	3.9150016	4	0	1	NA	NA	NA	NA	NA	NA	NA	4	0	4	4	0	1	NA	NA	NA	4	0	4
7	81741302	81857721	3	3	0	2	d	5	3	0	0.0655038975786	0.149963447087	3.070216	0.119972465	2.9502436	3	0	1	NA	NA	NA	NA	NA	NA	NA	3	0	3	3	0	1	NA	NA	NA	3	0	3
7	81857722	85275419	4	4	0	2	d	4	4	0	0.0595396452674	0.169532968765	3.997006	0.120775115	3.8762312	4	0	1	NA	NA	NA	NA	NA	NA	NA	3	0	3	4	0	1	NA	NA	NA	4	0	4
7	85275420	91394508	4	4	0	2	d	5	4	0	0.0618483683632	0.195156719961	4.023401	0.12155538	3.9018457	4	0	1	NA	NA	NA	NA	NA	NA	NA	4	0	4	4	0	1	NA	NA	NA	4	0	4
7	91394509	92196808	3	3	0	2	d	5	3	0	0.0538773295761	0.139165032915	3.098769	0.191768887	2.9069999	3	0	1	NA	NA	NA	NA	NA	NA	NA	3	0	3	3	0	1	NA	NA	NA	3	0	3
7	92196809	92558513	64	64	0	1	g	NA	159	0	0.05	4.7237998659	71.214175	0.025165229	71.1890095	87	0	1	NA	NA	NA	NA	NA	NA	NA	8	0	8	49	0	1	NA	NA	NA	64	0	64
7	92558514	92714573	60	60	0	1	g	NA	159	0	0.00283064504629	1.91202615449	68.457833	0.028579458	68.429254	79	0	1	NA	NA	NA	NA	NA	NA	NA	8	0	8	49	0	1	NA	NA	NA	60	0	60
7	92714574	92717246	60	60	0	1	g	NA	NA	NA	NA	NA	68.457833	0.028579458	68.429254	NA	NA	NA	NA	NA	NA	NA	NA	NA	NA	NA	NA	NA	49	0	1	NA	NA	NA	60	0	60
7	92717247	92719051	60	60	0	1	g	NA	NA	NA	NA	NA	NA	NA	NA	NA	NA	NA	NA	NA	NA	NA	NA	NA	NA	NA	NA	NA	22	0	1	NA	NA	NA	60	0	60
7	92719052	92841401	38	38	0	1	g	NA	NA	NA	NA	NA	NA	NA	NA	53	0	1	NA	NA	NA	NA	NA	NA	NA	NA	NA	NA	22	0	1	NA	NA	NA	38	0	38
7	92841402	94267724	2	2	0	2	e	0	41	0	0.0166586678228	0.692668643657	19.313748	0.069735038	19.2440134	21	0	1	NA	NA	NA	NA	NA	NA	NA	8	0	8	22	0	1	NA	NA	NA	19	0	19
7	94267725	94642808	18	18	0	1	g	NA	37	0	0.0146143813669	0.530386175267	19.17119	0.150042933	19.0211468	20	0	1	NA	NA	NA	NA	NA	NA	NA	8	0	8	21	0	1	NA	NA	NA	18	0	18
7	94642809	94783928	18	18	0	1	g	NA	37	0	0.05	0.582428484003	20.033378	0.133647673	19.8997302	20	0	1	NA	NA	NA	NA	NA	NA	NA	8	0	8	23	0	1	NA	NA	NA	18	0	18
7	94783929	97387078	2	2	0	2	e	0	37	0	0.0170769038265	0.509045092676	18.493706	0.10890954	18.3847963	20	0	1	NA	NA	NA	NA	NA	NA	NA	8	0	8	21	0	1	NA	NA	NA	18	0	18
7	97387079	97405643	19	19	0	1	g	NA	37	0	0.05	0.1	18.493706	0.10890954	18.3847963	12	0	1	NA	NA	NA	NA	NA	NA	NA	8	0	8	22	0	1	NA	NA	NA	19	0	19
7	97405644	97607400	20	20	0	1	g	NA	37	0	0.05	0.615307250241	NA	NA	NA	22	0	1	NA	NA	NA	NA	NA	NA	NA	8	0	8	23	0	1	NA	NA	NA	20	0	20
7	97607401	101247000	2	2	0	2	e	0	41	0	0.012349266816	0.735029345444	21.361294	0.042467193	21.3188268	25	0	1	NA	NA	NA	NA	NA	NA	NA	8	0	8	25	0	1	NA	NA	NA	22	0	22
7	101247001	101692015	21	21	0	1	g	NA	41	0	0.00874267422931	0.473589379004	20	0	20	26	0	1	NA	NA	NA	NA	NA	NA	NA	8	0	8	24	0	1	NA	NA	NA	21	0	21
7	101692016	104715567	2	2	0	2	e	0	34	0	0.0183452103972	0.551567661738	17.215249	0.068225605	17.1470234	19	0	1	NA	NA	NA	NA	NA	NA	NA	8	0	8	20	0	1	NA	NA	NA	17	0	17
7	104715568	104742172	2	2	0	2	e	0	34	0	0.05	0.1	17.215249	0.068225605	17.1470234	20	0	1	NA	NA	NA	NA	NA	NA	NA	8	0	8	20	0	1	NA	NA	NA	18	0	18
7	104742173	105041161	2	2	0	2	e	0	34	0	0.0129667793745	0.52247008433	17.856675	0.058985882	17.7976894	20	0	1	NA	NA	NA	NA	NA	NA	NA	8	0	8	20	0	1	NA	NA	NA	18	0	18
7	105041162	105043987	12	12	0	1	g	NA	NA	NA	NA	NA	17.856675	0.058985882	17.7976894	16	0	1	NA	NA	NA	NA	NA	NA	NA	8	0	8	20	0	1	NA	NA	NA	12	0	12
7	105043988	109554122	6	6	0	2	e	4	6.49	0	0.0414996928136	0.262941066495	6.765272	0.107503656	6.6577686	7	0	1	NA	NA	NA	NA	NA	NA	NA	6	0	6	7	0	1	NA	NA	NA	6	0	6
7	109554123	110448603	2	2	0	2	e	0	19	0	0.0263461913961	0.302660405258	9.919328	0.112001062	9.8073268	10	0	1	NA	NA	NA	NA	NA	NA	NA	8	0	8	11	0	1	NA	NA	NA	9	0	9
7	110448604	110478587	10	9	1	1	g	1	19	0	0.05	0.1	9.919328	0.112001062	9.8073268	9	1	1	NA	NA	NA	NA	NA	NA	NA	8	1	7	1	0	1	NA	NA	NA	8	0	8
7	110478588	110613578	9	9	0	1	g	NA	19	0	0.05	0.343940573201	NA	NA	NA	10	0	1	NA	NA	NA	NA	NA	NA	NA	8	0	8	1	0	1	NA	NA	NA	9	0	9
7	110613579	110614945	9	9	0	1	g	NA	NA	NA	NA	NA	NA	NA	NA	NA	NA	NA	NA	NA	NA	NA	NA	NA	NA	NA	NA	NA	1	0	1	NA	NA	NA	9	0	9
7	110614946	110674936	1	1	0	2	d	3	NA	NA	NA	NA	NA	NA	NA	2	0	0.528184574276753	3	0	0.471815425723247	NA	0	0.528184574276753	0.528184574276753	1	0	1	1	0	1	NA	NA	NA	1	0	1
7	110674937	110716702	1	1	0	2	d	2	NA	NA	NA	NA	NA	NA	NA	0	0	0.814613843070759	1	0	0.185386156929241	NA	0	0.814613843070759	0.814613843070759	1	0	1	1	0	1	NA	NA	NA	0	0	0
7	110716703	114428811	1	1	0	2	d	5	1	0	0.0963299995544	0.102375687905	1.177189	0.130491495	1.0466973	1	0	1	NA	NA	NA	NA	NA	NA	NA	1	0	1	1	0	1	NA	NA	NA	1	0	1
7	114428812	119391801	2	2	0	2	d	5	2	0	0.0897470667586	0.127333909244	2.1055	0.133517932	1.9719824	2	0	1	NA	NA	NA	NA	NA	NA	NA	2	0	2	2	0	1	NA	NA	NA	2	0	2
7	119391802	119421001	2	2	0	2	d	2	NA	NA	NA	NA	2.1055	0.133517932	1.9719824	3	0	1	NA	NA	NA	NA	NA	NA	NA	NA	NA	NA	2	0	1	NA	NA	NA	2	0	2
7	119421002	141799395	2	2	0	2	d	5	2	0	0.0822158831338	0.121223954202	2.120671	0.09335709	2.0273141	2	0	1	NA	NA	NA	NA	NA	NA	NA	2	0	2	2	0	1	NA	NA	NA	2	0	2
7	141799396	158821400	2	2	0	2	d	5	2	0	0.0809238957686	0.132713281686	2.14345	0.081090635	2.062359	2	0	1	NA	NA	NA	NA	NA	NA	NA	2	0	2	2	0	1	NA	NA	NA	2	0	2
8	10001	174402	4	3	1	2	d	2	2.67	0.86	0.05	0.1	NA	NA	NA	NA	NA	NA	NA	NA	NA	NA	NA	NA	NA	NA	NA	NA	3	1	1	NA	NA	NA	4	1	3
8	174403	11894112	4	3	1	2	d	5	2.67	0.86	0.0738005349634	0.207127856817	4	1	3	3	1	1	NA	NA	NA	NA	NA	NA	NA	4	1	3	3	1	1	NA	NA	NA	4	1	3
8	11894113	12495858	4	3	1	2	d	3	NA	NA	NA	NA	4	1	3	3	1	1	NA	NA	NA	NA	NA	NA	NA	NA	NA	NA	4	2	0.69834	4	1	0.30166	4	1	3
8	12495859	17487489	4	3	1	2	d	5	2.67	1	0.079603781796	0.197257284697	4	1	3	3	1	1	NA	NA	NA	NA	NA	NA	NA	4	1	3	3	1	1	NA	NA	NA	4	1	3
8	17487490	17641103	3	2	1	2	d	5	2	1	0.0837311152604	0.111298235504	3.20422	1.11197773	2.0922425	2	1	1	NA	NA	NA	NA	NA	NA	NA	3	1	2	2	1	1	NA	NA	NA	3	1	2
8	17641104	25061981	4	3	1	2	d	5	2.8	1	0.0728096308239	0.175320564866	4	1	3	3	1	1	NA	NA	NA	NA	NA	NA	NA	4	1	3	3	1	1	NA	NA	NA	4	1	3
8	25061982	25190320	3	3	0	3	b	6	3	0	0.05	0.114031487013	3	0	3	4	0	1	NA	NA	NA	NA	NA	NA	NA	3	0	3	3	0	1	NA	NA	NA	3	0	3
8	25190321	30927017	4	3	1	2	d	5	2.8	0.86	0.0696966911012	0.1667218426	4	1	3	3	1	1	NA	NA	NA	NA	NA	NA	NA	4	1	3	3	1	1	NA	NA	NA	4	1	3
8	30927018	30927063	4	3	1	2	d	4	2.8	0.86	0.05	0.1	4	1	3	3	1	1	NA	NA	NA	NA	NA	NA	NA	NA	NA	NA	3	1	1	NA	NA	NA	4	1	3
8	30927064	32340559	4	3	1	2	d	3	2.8	0.86	0.0773364520211	0.156364287083	3.927875	1.047386724	2.8804877	3	1	1	NA	NA	NA	NA	NA	NA	NA	3	1	2	3	1	1	NA	NA	NA	4	1	3
8	32340560	32752014	3	3	0	2	d	4	2.58	0	0.0735119045621	0.117129645008	3.029196	0.106790417	2.9224057	3	0	1	NA	NA	NA	NA	NA	NA	NA	3	0	3	3	0	1	NA	NA	NA	3	0	3
8	32752015	43099999	4	3	1	2	d	5	2.49	0.86	0.0735609264801	0.183985793527	4	1	3	3	1	1	NA	NA	NA	NA	NA	NA	NA	4	1	3	3	1	1	NA	NA	NA	4	1	3
8	43100000	48099999	4	3	1	2	d	3	2.14	0.67	0.0651535335059	0.284025693366	4.222886	1.100806837	3.1220795	NA	NA	NA	NA	NA	NA	NA	NA	NA	NA	4	1	3	3	1	1	NA	NA	NA	4	1	3
8	48100000	50851455	4	3	1	2	d	5	2.14	0.67	0.0752153211389	0.145170312314	4	1	3	3	1	1	NA	NA	NA	NA	NA	NA	NA	4	1	3	3	1	1	NA	NA	NA	4	1	3
8	50851456	99677786	4	3	1	2	d	4	2.14	0.67	0.0743258747805	0.150022245948	3.920491	1.044925573	2.8755654	3	1	1	NA	NA	NA	NA	NA	NA	NA	4	1	3	3	1	1	NA	NA	NA	4	1	3
8	99677787	100043196	3	3	0	2	d	4	2	0	0.05	0.109657877476	3.920491	1.044925573	2.8755654	3	0	1	NA	NA	NA	NA	NA	NA	NA	3	0	3	3	0	1	NA	NA	NA	3	0	3
8	100043197	144718393	4	3	1	2	d	4	2	0.61	0.0741383947254	0.142214823436	3.920621	1.04496898	2.8756522	3	1	1	NA	NA	NA	NA	NA	NA	NA	4	1	3	3	1	1	NA	NA	NA	4	1	3
8	144718394	146364021	5	4	1	2	d	2	2.67	1	0.0622817140312	0.170480242107	4.534621	1.162083414	3.3725373	3	1	0.784029597656844	4	1	0.215970402343156	0.0581541554016089	0.0588301931075153	0.708491397017623	0.945313201992481	5	1	4	4	1	0.148675	3	1	0.851325	5	1	4
9	56014	203936	3	2	1	2	d	3	2	1	0.05	0.1	NA	NA	NA	NA	NA	NA	NA	NA	NA	NA	NA	NA	NA	3	1	2	NA	NA	NA	NA	NA	NA	3	1	2
9	203937	5342588	3	2	1	3	a	6	2	1	0.0747109125952	0.16586747645	3	1	2	2	1	1	NA	NA	NA	NA	NA	NA	NA	3	1	2	2	1	1	NA	NA	NA	3	1	2
9	5342589	5342643	3	2	1	3	b	5	2	1	0.05	0.1	3	1	2	2	1	1	NA	NA	NA	NA	NA	NA	NA	NA	NA	NA	2	1	1	NA	NA	NA	3	1	2
9	5342644	6876341	3	2	1	3	a	6	2	1	0.0719289915984	0.150121674056	3	1	2	2	1	1	NA	NA	NA	NA	NA	NA	NA	3	1	2	2	1	1	NA	NA	NA	3	1	2
9	6876342	9156605	3	2	1	3	a	6	2	1	0.0747014560915	0.14971604103	3	1	2	2	1	1	NA	NA	NA	NA	NA	NA	NA	3	1	2	2	1	1	NA	NA	NA	3	1	2
9	9156606	9438364	1	1	0	2	d	3	0.74	0.61	0.05	0.12040942704	1.204356	0.189892212	1.0144634	0	0	0.165090370674229	1	0	0.834909629325771	0.0457288194350204	0.0451389156561433	0.0732240569440281	0.251669293408348	1	0	1	1	0	1	NA	NA	NA	1	0	1
9	9438365	9547402	1	1	0	2	e	4	0	0	0.05	0.0781199467314	1.204356	0.189892212	1.0144634	0	0	0.165090370674229	1	0	0.834909629325771	0.0457288194350204	0.0451389156561433	0.0732240569440281	0.251669293408348	1	0	1	1	0	1	NA	NA	NA	0	0	0
9	9547403	10157500	1	1	0	2	d	4	1	0	0.101291007714	0.123038557328	1.189528	0.18062034	1.0089072	0	0	0.165090370674229	1	0	0.834909629325771	0.0457288194350204	0.0451389156561433	0.0732240569440281	0.251669293408348	1	0	1	1	0	1	NA	NA	NA	1	0	1
9	10157501	10214850	1	1	0	2	d	3	0.67	0.74	0.05	0.1	1.183953	0.08440617	1.0995467	0	0	0.165090370674229	1	0	0.834909629325771	0.0457288194350204	0.0451389156561433	0.0732240569440281	0.251669293408348	1	0	1	1	0	1	NA	NA	NA	1	0	1
9	10214851	24429369	3	2	1	3	a	6	2	1	0.0720272853769	0.164872738726	3	1	2	2	1	1	NA	NA	NA	NA	NA	NA	NA	3	1	2	2	1	1	NA	NA	NA	3	1	2
9	24429370	24432044	3	2	1	3	b	5	2	1	0.05	0.1	3	1	2	2	1	1	NA	NA	NA	NA	NA	NA	NA	NA	NA	NA	2	1	1	NA	NA	NA	3	1	2
9	24432045	26327686	3	2	1	3	b	6	2	1	0.0797691791318	0.170870373908	3	1	2	2	1	1	NA	NA	NA	NA	NA	NA	NA	2	1	1	2	1	1	NA	NA	NA	3	1	2
9	26327687	26551383	2	1	1	2	d	3	1.33	1.33	0.05	0.143710602607	3	1	2	1	1	0.536875004548549	2	1	0.463124995451451	0.225443656716618	0.18861008983572	0.337779736390404	1.09396901845149	2	1	1	1	1	1	NA	NA	NA	2	1	1
9	26551384	44245051	3	2	1	3	a	6	2	1	0.0723929206519	0.212497172919	3	1	2	2	1	1	NA	NA	NA	NA	NA	NA	NA	3	1	2	2	1	1	NA	NA	NA	3	1	2
9	44245052	47299999	3	2	1	2	d	4	2	1	0.05	0.524877943479	3	1	2	2	1	1	NA	NA	NA	NA	NA	NA	NA	1	0	1	3	1	0.831949	2	1	0.168051	3	1	2
9	47300000	50699999	3	2	1	2	d	2	2	1	0.05	0.1	NA	NA	NA	NA	NA	NA	NA	NA	NA	NA	NA	NA	NA	1	0	1	3	1	0.831949	2	1	0.168051	3	1	2
9	50700000	67309930	3	2	1	2	d	2	2	1	0.05	0.300370177116	NA	NA	NA	NA	NA	NA	NA	NA	NA	NA	NA	NA	NA	NA	NA	NA	3	1	0.831949	2	1	0.168051	3	1	2
9	67309931	97759152	3	2	1	3	a	6	2	1	0.0735654652451	0.154314601262	3	1	2	2	1	1	NA	NA	NA	NA	NA	NA	NA	3	1	2	2	1	1	NA	NA	NA	3	1	2
9	97759153	97803766	2	1	1	2	d	4	1	1	0.05	0.1	3	1	2	1	1	1	NA	NA	NA	NA	NA	NA	NA	2	1	1	2	1	1	NA	NA	NA	2	1	1
9	97803767	123871280	3	2	1	2	d	5	1.8	1	0.0743001977286	0.141267760945	3	1	2	2	1	1	NA	NA	NA	NA	NA	NA	NA	3	1	2	2	1	1	NA	NA	NA	3	1	2
9	123871281	123886514	2	1	1	2	d	3	NA	NA	NA	NA	3	1	2	1	1	1	NA	NA	NA	NA	NA	NA	NA	2	1	1	2	1	1	NA	NA	NA	2	1	1
9	123886515	140273200	3	2	1	2	d	5	2	1	0.0707375081559	0.174222042037	3.147402	1.07321906	2.0741832	2	1	1	NA	NA	NA	NA	NA	NA	NA	3	1	2	2	1	1	NA	NA	NA	3	1	2
10	130013	885873	3	2	1	2	d	5	2	1	0.0735728399298	0.172410942161	3.335422	1.090434509	2.2449876	2	1	1	NA	NA	NA	NA	NA	NA	NA	3	1	2	2	1	1	NA	NA	NA	3	1	2
10	885874	37999999	4	2	2	2	d	5	1.8	1.8	0.0491137297989	0.175224154957	4	2	2	2	2	1	NA	NA	NA	NA	NA	NA	NA	4	2	2	2	2	1	NA	NA	NA	4	2	2
10	38000000	42391601	4	2	2	2	d	4	2	2	0.0579070767125	0.191517109599	3.706353	1.853176471	1.8531765	2	2	1	NA	NA	NA	NA	NA	NA	NA	4	2	2	NA	NA	NA	NA	NA	NA	4	2	2
10	42391602	53497643	4	2	2	2	d	5	2	2	0.0474521161415	0.188182910471	3.86142	1.930710082	1.9307101	2	2	1	NA	NA	NA	NA	NA	NA	NA	4	2	2	2	2	1	NA	NA	NA	4	2	2
10	53497644	53501826	4	2	2	2	d	4	2	2	0.05	0.1	3.86142	1.930710082	1.9307101	2	2	1	NA	NA	NA	NA	NA	NA	NA	3	1	2	2	2	1	NA	NA	NA	4	2	2
10	53501827	68229060	4	2	2	2	d	4	2	2	0.0513657901286	0.176476516549	3.875079	1.937539293	1.9375393	2	2	1	NA	NA	NA	NA	NA	NA	NA	3	1	2	2	2	1	NA	NA	NA	4	2	2
10	68229061	68377225	2	2	0	2	d	3	2	0	0.085190950397	0.14767829588	2.136751	0.190122538	1.9466288	2	0	0.881598361558282	2	1	0.118401638441718	0.0322321662607499	0.0326518431084012	0.816847054908349	0.943870825308487	2	0	2	2	0	0.56084	1	0	0.43916	2	0	2
10	68377226	74466202	4	2	2	3	a	6	2	2	0.043699370705	0.182057654466	4	2	2	2	2	1	NA	NA	NA	NA	NA	NA	NA	4	2	2	2	2	1	NA	NA	NA	4	2	2
10	74466203	77127964	4	2	2	3	a	6	2	2	0.046058922021	0.182125580912	4	2	2	2	2	1	NA	NA	NA	NA	NA	NA	NA	4	2	2	2	2	1	NA	NA	NA	4	2	2
10	77127965	77209597	5	3	2	1	g	NA	3	3	0.05	0.231758715915	4	2	2	3	2	1	NA	NA	NA	NA	NA	NA	NA	NA	NA	NA	2	2	1	NA	NA	NA	5	2	3
10	77209598	98447245	4	2	2	2	d	5	2	2	0.0495688931265	0.186687850436	3.864791	1.932395356	1.9323954	2	2	1	NA	NA	NA	NA	NA	NA	NA	4	2	2	2	2	1	NA	NA	NA	4	2	2
10	98447246	98457237	4	2	2	2	d	3	2	2	0.05	0.1	3.864791	1.932395356	1.9323954	NA	NA	NA	NA	NA	NA	NA	NA	NA	NA	NA	NA	NA	2	2	1	NA	NA	NA	4	2	2
10	98457238	99052939	4	2	2	2	d	5	2	2	0.048043558378	0.161432713223	4	2	2	2	2	0.827827600903168	3	2	0.172172399096832	0.0643875761112069	0.0629510962106686	0.708419215338655	0.953078018503617	4	2	2	2	2	1	NA	NA	NA	4	2	2
10	99052940	101359073	3	2	1	3	a	6	2	1	0.0727806500338	0.190158240105	3	1	2	2	1	1	NA	NA	NA	NA	NA	NA	NA	3	1	2	2	1	1	NA	NA	NA	3	1	2
10	101359074	101363243	3	2	1	3	a	6	2	1	0.05	0.1	3	1	2	2	1	1	NA	NA	NA	NA	NA	NA	NA	3	1	2	2	1	1	NA	NA	NA	3	1	2
10	101363244	135235890	3	2	1	3	a	6	2	1	0.0719260010201	0.156698185671	3	1	2	2	1	1	NA	NA	NA	NA	NA	NA	NA	3	1	2	2	1	1	NA	NA	NA	3	1	2
10	135235891	135389304	3	2	1	2	d	2	3.39	1	0.05	0.140327387454	2.840054	0.48539098	2.3546634	NA	NA	NA	NA	NA	NA	NA	NA	NA	NA	1	0	1	2	1	1	NA	NA	NA	3	1	2
11	20721	234170	2	2	0	2	d	3	2.14	0	0.05	0.1	2.352603	0.151310796	2.2012922	2	0	1	NA	NA	NA	NA	NA	NA	NA	NA	NA	NA	2	0	1	NA	NA	NA	2	0	2
11	234171	51599999	2	2	0	3	a	6	2	0	0.0831353277971	0.134914917046	2	0	2	2	0	1	NA	NA	NA	NA	NA	NA	NA	2	0	2	2	0	1	NA	NA	NA	2	0	2
11	51600000	55699999	2	2	0	2	d	5	2	0	0.0918766196118	0.250596126268	2.042262	0.117708458	1.9245539	2	0	1	NA	NA	NA	NA	NA	NA	NA	2	0	2	2	0	1	NA	NA	NA	2	0	2
11	55700000	67484781	2	2	0	2	d	3	2.14	0	0.0816683910004	0.139112921244	2.151629	0.060435198	2.091194	2	0	0.748882380144903	3	0	0.251117619855097	0.0241799029794609	0.022994134335797	0.806244179023198	0.895253888649566	2	0	2	2	0	1	NA	NA	NA	2	0	2
11	67484782	84229527	2	2	0	3	a	6	2	0	0.0825151290911	0.127139284533	2	0	2	2	0	1	NA	NA	NA	NA	NA	NA	NA	2	0	2	2	0	1	NA	NA	NA	2	0	2
11	84229528	85212264	1	1	0	2	d	5	1	0	0.10110243663	0.0940855232449	1.197553	0.137279523	1.0602733	1	0	1	NA	NA	NA	NA	NA	NA	NA	1	0	1	1	0	1	NA	NA	NA	1	0	1
11	85212265	134452200	2	2	0	2	d	4	1.8	0	0.0840529094342	0.118898947102	2.106962	0.097099493	2.0098627	2	0	1	NA	NA	NA	NA	NA	NA	NA	2	0	2	2	0	1	NA	NA	NA	2	0	2
12	110107	188284	2	2	0	2	d	2	2.14	0	0.05	0.1	NA	NA	NA	NA	NA	NA	NA	NA	NA	NA	NA	NA	NA	NA	NA	NA	2	0	1	NA	NA	NA	2	0	2
12	188285	29543547	2	2	0	2	d	4	2.14	0	0.0857003118812	0.139852591427	2.117368	0.099596853	2.017771	2	0	1	NA	NA	NA	NA	NA	NA	NA	2	0	2	2	0	1	NA	NA	NA	2	0	2
12	29543548	29699995	2	2	0	2	e	3	2.14	0	0.05	0.181580332466	2.117368	0.099596853	2.017771	1	0	1	NA	NA	NA	NA	NA	NA	NA	NA	NA	NA	2	0	1	NA	NA	NA	0	0	0
12	29699996	33299999	2	2	0	2	d	4	2.14	0	0.0810126568604	0.149060375528	2.132267	0.103172716	2.0290946	2	0	1	NA	NA	NA	NA	NA	NA	NA	2	0	2	2	0	1	NA	NA	NA	2	0	2
12	33300000	38199999	2	2	0	2	d	3	2.14	0	0.0759625634293	0.20885983111	2.320129	0.18717519	2.1329541	NA	NA	NA	NA	NA	NA	NA	NA	NA	NA	2	0	2	2	0	1	NA	NA	NA	2	0	2
12	38200000	132349400	2	2	0	2	d	4	2.14	0	0.0824766921818	0.134442417671	2.12881	0.095294949	2.0335153	2	0	1	NA	NA	NA	NA	NA	NA	NA	2	0	2	2	0	1	NA	NA	NA	2	0	2
12	132349401	133851894	2	2	0	2	d	3	NA	NA	NA	NA	2.212899	0.043549472	2.1693491	2	0	0.589979959919842	3	0	0.410020040080158	0.06224588099425	0.0598337778807443	0.533294028026143	0.761271098228794	2	0	2	2	0	1	NA	NA	NA	2	0	2
13	1	16299999	3	3	0	1	g	NA	NA	NA	NA	NA	NA	NA	NA	NA	NA	NA	NA	NA	NA	NA	NA	NA	NA	NA	NA	NA	NA	NA	NA	NA	NA	NA	3	0	3
13	16300000	19499999	3	3	0	3	b	5	3	0	0.05	0.19634498048	NA	NA	NA	3	0	1	NA	NA	NA	NA	NA	NA	NA	3	0	3	3	0	1	NA	NA	NA	3	0	3
13	19500000	33848276	3	3	0	2	d	5	3	0	0.0659968457824	0.145264205906	3.133176	0.089560896	3.0436146	3	0	1	NA	NA	NA	NA	NA	NA	NA	3	0	3	3	0	1	NA	NA	NA	3	0	3
13	33848277	34047336	2	2	0	2	d	5	2	0	0.05	0.104241859902	2	0	2	2	0	0.450940342222915	3	0	0.549059657777085	0.475226247129149	0.329874384990008	0.503656113300229	1.74032550276116	2	0	2	2	0	1	NA	NA	NA	2	0	2
13	34047337	114142800	3	3	0	2	d	4	2.58	0	0.0699800222855	0.146372118468	3.126507	0.123563594	3.0029435	3	0	1	NA	NA	NA	NA	NA	NA	NA	3	0	3	3	0	1	NA	NA	NA	3	0	3
13	114142801	115169877	4	4	0	2	d	3	NA	NA	NA	NA	3.462357	0.053249921	3.4091067	4	0	1	NA	NA	NA	NA	NA	NA	NA	4	0	4	4	0	1	NA	NA	NA	3	0	3
14	1	16099999	2	1	1	1	g	NA	NA	NA	NA	NA	NA	NA	NA	NA	NA	NA	NA	NA	NA	NA	NA	NA	NA	NA	NA	NA	NA	NA	NA	NA	NA	NA	2	1	1
14	16100000	19099999	2	1	1	2	d	2	1	1	0.05	0.057879601673	NA	NA	NA	NA	NA	NA	NA	NA	NA	NA	NA	NA	NA	NA	NA	NA	2	0	1	NA	NA	NA	2	1	1
14	19100000	39824957	2	1	1	3	a	6	1	1	0.061250289597	0.147038211717	2	1	1	1	1	1	NA	NA	NA	NA	NA	NA	NA	2	1	1	1	1	1	NA	NA	NA	2	1	1
14	39824958	40711629	1	1	0	2	d	5	1	0	0.0967279729818	0.101873781483	1.163671	0.12598547	1.0376852	1	0	1	NA	NA	NA	NA	NA	NA	NA	1	0	1	1	0	1	NA	NA	NA	1	0	1
14	40711630	50787505	2	1	1	3	a	6	1	1	0.0674110300367	0.127495780488	2	1	1	1	1	1	NA	NA	NA	NA	NA	NA	NA	2	1	1	1	1	1	NA	NA	NA	2	1	1
14	50787506	50795478	2	1	1	2	d	3	1	1	0.05	0.1	2	1	1	1	0	0.377871126869127	2	0	0.622128873130873	0.509972032389939	0.324504140202679	0.372789295409987	1.57567891617506	1	0	1	1	1	1	NA	NA	NA	1	0	1
14	50795479	67865587	2	1	1	3	a	6	1	1	0.0631714176835	0.123089920453	2	1	1	1	1	1	NA	NA	NA	NA	NA	NA	NA	2	1	1	1	1	1	NA	NA	NA	2	1	1
14	67865588	67963974	1	1	0	3	a	6	1	0	0.05	0.0648346061565	1	0	1	1	0	1	NA	NA	NA	NA	NA	NA	NA	1	0	1	1	0	1	NA	NA	NA	1	0	1
14	67963975	92835552	2	1	1	3	a	6	1	1	0.0583387142996	0.125602561142	2	1	1	1	1	1	NA	NA	NA	NA	NA	NA	NA	2	1	1	1	1	1	NA	NA	NA	2	1	1
14	92835553	93097060	1	1	0	3	a	6	1	0	0.108860944337	0.0878141553521	1	0	1	1	0	1	NA	NA	NA	NA	NA	NA	NA	1	0	1	1	0	1	NA	NA	NA	1	0	1
14	93097061	106080011	2	1	1	3	a	6	1	1	0.0555886163848	0.12306376792	2	1	1	1	1	1	NA	NA	NA	NA	NA	NA	NA	2	1	1	1	1	1	NA	NA	NA	2	1	1
14	106080012	106368400	2	1	1	2	d	3	1	1	0.05	0.360848395834	2.68029	1.340145254	1.3401453	1	1	1	NA	NA	NA	NA	NA	NA	NA	NA	NA	NA	2	1	1	NA	NA	NA	2	1	1
15	1	15799999	2	1	1	1	g	NA	NA	NA	NA	NA	NA	NA	NA	NA	NA	NA	NA	NA	NA	NA	NA	NA	NA	NA	NA	NA	NA	NA	NA	NA	NA	NA	2	1	1
15	15800000	20699999	2	1	1	2	d	4	1	1	0.05	0.406092575244	NA	NA	NA	1	1	1	NA	NA	NA	NA	NA	NA	NA	NA	NA	NA	1	1	1	NA	NA	NA	2	1	1
15	20700000	100338800	2	1	1	3	a	6	1	1	0.0613155483338	0.140738397061	2	1	1	1	1	1	NA	NA	NA	NA	NA	NA	NA	2	1	1	1	1	1	NA	NA	NA	2	1	1
15	100338801	102531391	2	1	1	2	d	4	NA	NA	NA	NA	2.121765	1.060882483	1.0608825	1	1	1	NA	NA	NA	NA	NA	NA	NA	2	1	1	1	1	1	NA	NA	NA	2	1	1
16	91309	5314960	3	2	1	2	e	4	2.21	1	0.0667045150837	0.243725398023	3.338666	1.118199986	2.2204661	2	1	1	NA	NA	NA	NA	NA	NA	NA	4	2	2	2	1	1	NA	NA	NA	4	2	2
16	5314961	16427202	4	2	2	2	d	5	1.8	1.8	0.0502714351787	0.184185521774	4	2	2	2	2	1	NA	NA	NA	NA	NA	NA	NA	4	2	2	2	2	1	NA	NA	NA	4	2	2
16	16427203	18792319	4	2	2	2	d	5	1.8	1.8	0.0489747249274	0.397734100871	4	2	2	2	2	1	NA	NA	NA	NA	NA	NA	NA	4	2	2	2	2	1	NA	NA	NA	4	2	2
16	18792320	34599999	3	2	1	2	d	5	2	1	0.0670265600434	0.208978207983	3.148941	1.073825403	2.075116	2	1	1	NA	NA	NA	NA	NA	NA	NA	3	1	2	2	1	1	NA	NA	NA	3	1	2
16	34600000	38599999	3	2	1	2	d	4	2	1	0.05	0.214569136856	3.148798	1.211304582	1.9374933	1	1	0.229227686141517	2	1	0.770772313858483	0.144883168790362	0.138399281002787	0.0614471189458208	0.601569244118123	3	1	2	2	1	1	NA	NA	NA	3	1	2
16	38600000	46447499	3	2	1	2	d	3	NA	NA	NA	NA	3.148798	1.211304582	1.9374933	NA	NA	NA	NA	NA	NA	NA	NA	NA	NA	3	1	2	2	1	1	NA	NA	NA	3	1	2
16	46447500	78234348	3	2	1	3	a	6	2	1	0.0721694420932	0.164539572223	3	1	2	2	1	1	NA	NA	NA	NA	NA	NA	NA	3	1	2	2	1	1	NA	NA	NA	3	1	2
16	78234349	78272499	2	2	0	2	d	4	2	0	0.05	0.1	3	1	2	3	0	1	NA	NA	NA	NA	NA	NA	NA	2	0	2	2	0	1	NA	NA	NA	2	0	2
16	78272500	78346592	3	2	1	2	d	3	2	0	0.05	0.117461667896	NA	NA	NA	2	1	1	NA	NA	NA	NA	NA	NA	NA	3	1	2	2	1	1	NA	NA	NA	2	0	2
16	78346593	78459130	3	2	1	3	a	6	2	1	0.0769901208795	0.187134971125	3	1	2	2	1	1	NA	NA	NA	NA	NA	NA	NA	3	1	2	2	1	1	NA	NA	NA	3	1	2
16	78459131	78534488	1	1	0	2	d	5	1	0	0.081534260033	0.0851257125299	1.303024	0.172436431	1.1305871	1	0	1	NA	NA	NA	NA	NA	NA	NA	1	0	1	1	0	1	NA	NA	NA	1	0	1
16	78534489	78545610	3	2	1	2	d	3	1	0	0.05	0.1	1.303024	0.172436431	1.1305871	2	1	1	NA	NA	NA	NA	NA	NA	NA	3	1	2	1	1	1	NA	NA	NA	3	1	2
16	78545611	78584930	1	1	0	2	d	5	1	0	0.05	0.1	1.188052	0.07364976	1.1144021	1	0	1	NA	NA	NA	NA	NA	NA	NA	1	0	1	1	0	1	NA	NA	NA	1	0	1
16	78584931	78596536	3	3	0	2	e	0	0	0	0.05	0.1	1.188052	0.07364976	1.1144021	1	0	1	NA	NA	NA	NA	NA	NA	NA	1	0	1	2	0	1	NA	NA	NA	0	0	0
16	78596537	78697985	2	2	0	3	a	6	2	0	0.100395912222	0.163100544309	2	0	2	2	0	1	NA	NA	NA	NA	NA	NA	NA	2	0	2	2	0	1	NA	NA	NA	2	0	2
16	78697986	79172487	3	2	1	2	d	5	2	1	0.072260095692	0.131743047431	3.105797	1.085175956	2.0206211	2	1	1	NA	NA	NA	NA	NA	NA	NA	3	1	2	2	1	1	NA	NA	NA	3	1	2
16	79172488	79217371	2	2	0	2	d	5	2	0	0.0813647879626	0.1	2	0	2	2	0	0.338044926144208	3	0	0.661955073855792	0.307870529498338	0.243767815280296	0.248190360530651	1.19413328173724	2	0	2	2	0	1	NA	NA	NA	2	0	2
16	79217372	88827200	3	2	1	2	d	4	2.14	1	0.0716261726536	0.16621048711	3.108615	1.057939222	2.0506757	2	1	1	NA	NA	NA	NA	NA	NA	NA	3	1	2	2	1	1	NA	NA	NA	3	1	2
16	88827201	90354752	3	2	1	2	d	3	NA	NA	NA	NA	3.443279	1.147402938	2.2958762	2	1	1	NA	NA	NA	NA	NA	NA	NA	4	2	2	2	1	1	NA	NA	NA	3	1	2
17	1869	19605800	3	3	0	2	d	4	3	0	0.0620375588012	0.172548464914	3.163773	0.049909555	3.1138636	3	0	0.477663018344371	4	0	0.522336981655629	0.0222204178064546	0.0212488959881581	0.615884162332464	0.700658386037207	3	0	3	3	0	1	NA	NA	NA	3	0	3
17	19605801	22199999	3	2	1	3	b	6	2	1	0.0795712728421	0.212438525949	3	1	2	2	1	1	NA	NA	NA	NA	NA	NA	NA	3	1	2	2	1	1	NA	NA	NA	3	0	3
17	22200000	25799999	3	2	1	2	d	4	2	1	0.0684835092631	0.181356202532	3	1	2	NA	NA	NA	NA	NA	NA	NA	NA	NA	NA	3	1	2	2	1	1	NA	NA	NA	3	0	3
17	25800000	36441376	3	2	1	3	b	6	2	1	0.068746140478	0.188791522569	3	1	2	2	1	1	NA	NA	NA	NA	NA	NA	NA	3	1	2	2	1	1	NA	NA	NA	3	0	3
17	36441377	37965581	3	2	1	2	d	3	2	1	0.0783084445855	0.159356473706	3.335131	1.13164236	2.203489	2	1	1	NA	NA	NA	NA	NA	NA	NA	4	2	2	2	1	1	NA	NA	NA	3	0	3
17	37965582	38029961	2	1	1	2	d	5	1	1	0.05	0.136752138431	3.335131	1.13164236	2.203489	1	1	1	NA	NA	NA	NA	NA	NA	NA	2	1	1	1	1	1	NA	NA	NA	2	1	1
17	38029962	72481084	3	2	1	2	d	5	2	1	0.0691387313214	0.161090909787	3.15909	1.086782592	2.0723073	2	1	1	NA	NA	NA	NA	NA	NA	NA	3	1	2	2	1	1	NA	NA	NA	3	1	2
17	72481085	72481717	3	2	1	2	f	2	NA	NA	NA	NA	3.15909	1.086782592	2.0723073	2	0	0.377379192774691	2	1	0.622620807225309	NA	0	0.377379192774691	0.377379192774691	NA	NA	NA	2	1	1	NA	NA	NA	4	1	3
17	72481718	78815180	3	2	1	2	d	3	2.21	1	0.0706652253686	0.175195281218	3.35654	1.146822557	2.2097178	2	1	1	NA	NA	NA	NA	NA	NA	NA	4	2	2	2	1	1	NA	NA	NA	3	1	2
17	78815181	81195209	3	2	1	2	d	2	NA	NA	NA	NA	3.439633	1.17940789	2.2602251	2	1	1	NA	NA	NA	NA	NA	NA	NA	4	2	2	2	2	0.00467173	2	1	0.995328	3	1	2
18	27500	6107212	1	1	0	2	d	5	1	0	0.102382956955	0.110831401404	1.201415	0.09655407	1.1048608	1	0	1	NA	NA	NA	NA	NA	NA	NA	1	0	1	1	0	1	NA	NA	NA	1	0	1
18	6107213	13190404	2	2	0	3	a	6	2	0	0.0779674820033	0.129992903348	2	0	2	2	0	1	NA	NA	NA	NA	NA	NA	NA	2	0	2	2	0	1	NA	NA	NA	2	0	2
18	13190405	14277752	2	2	0	3	a	6	2	0	0.0841796592097	0.158685232046	2	0	2	2	0	1	NA	NA	NA	NA	NA	NA	NA	2	0	2	2	0	1	NA	NA	NA	2	0	2
18	14277753	14299973	2	2	0	2	d	3	2	0	0.05	0.1	2	0	2	NA	NA	NA	NA	NA	NA	NA	NA	NA	NA	NA	NA	NA	0	0	1	NA	NA	NA	2	0	2
18	14299974	15399999	2	2	0	2	d	4	2	0	0.097105953967	0.219184352858	NA	NA	NA	NA	NA	NA	NA	NA	NA	NA	NA	NA	NA	2	0	2	2	0	1	NA	NA	NA	2	0	2
18	15400000	18999999	NA	NA	NA	NA	NA	NA	6	1	0.05	0.933604074002	5.136895	0.434384286	4.7025109	4	0	1	NA	NA	NA	NA	NA	NA	NA	4	0	4	5	0	0.550383	5	1	0.449617	3	0	3
18	19000000	19051125	3	3	0	1	g	NA	2	0	0.05	0.1	5.136895	0.434384286	4.7025109	3	0	0.524009557576696	4	0	0.475990442423304	0.501481727047322	0.380391995680573	0.288078553030768	1.81164036828035	3	0	3	4	0	1	NA	NA	NA	3	0	3
18	19051126	19251443	6	6	0	2	e	4	6.33	0	0.05	0.234153367446	6.334247	0.168418998	6.1658282	7	0	1	NA	NA	NA	NA	NA	NA	NA	6	0	6	7	0	1	NA	NA	NA	6	0	6
18	19251444	20186986	14	14	0	1	g	NA	30	0	0.0179998793705	0.421272658187	14.287983	0.065419677	14.2225638	16	0	1	NA	NA	NA	NA	NA	NA	NA	8	0	8	16	0	1	NA	NA	NA	14	0	14
18	20186987	20229622	2	2	0	2	e	0	30	0	0.05	0.1	14.287983	0.065419677	14.2225638	14	0	1	NA	NA	NA	NA	NA	NA	NA	8	0	8	15	0	1	NA	NA	NA	12	0	12
18	20229623	20334721	11	11	0	1	g	NA	22	0	0.05	0.335802235184	10	0	10	10	0	1	NA	NA	NA	NA	NA	NA	NA	8	0	8	11	0	1	NA	NA	NA	11	0	11
18	20334722	20516744	2	2	0	2	e	0	31	0	0.0208175291003	0.469601827665	13.895773	0.056994739	13.8387787	14	0	1	NA	NA	NA	NA	NA	NA	NA	8	0	8	16	0	1	NA	NA	NA	13	0	13
18	20516745	20518670	17	17	0	1	g	NA	NA	NA	NA	NA	13.895773	0.056994739	13.8387787	24	0	0.690884630035657	24	1	0.309115369964343	NA	0	0.690884630035657	0.690884630035657	NA	NA	NA	16	0	1	NA	NA	NA	17	0	17
18	20518671	20682189	2	2	0	2	e	0	45	0	0.05	0.700686873916	22.44206	0.01473532	22.4273243	26	0	1	NA	NA	NA	NA	NA	NA	NA	8	0	8	26	0	1	NA	NA	NA	21	0	21
18	20682190	20699580	2	2	0	2	e	0	45	0	0.05	0.1	22.44206	0.01473532	22.4273243	31	0	1	NA	NA	NA	NA	NA	NA	NA	8	0	8	31	0	1	NA	NA	NA	23	0	23
18	20699581	20907500	22	22	0	1	g	NA	45	0	0.00944206874951	0.982366801536	19.516127	0	19.5161267	24	0	1	NA	NA	NA	NA	NA	NA	NA	8	0	8	23	0	1	NA	NA	NA	22	0	22
18	20907501	20985810	22	22	0	1	g	NA	45	0	0.05	2.67029816878	17.86717	0.104415567	17.7627547	19	0	1	NA	NA	NA	NA	NA	NA	NA	8	0	8	20	0	1	NA	NA	NA	22	0	22
18	20985811	21306431	2	2	0	2	e	0	31	0	0.05	0.439636646929	14.391055	0.035240227	14.3558144	18	0	1	NA	NA	NA	NA	NA	NA	NA	8	0	8	17	0	1	NA	NA	NA	14	0	14
18	21306432	21353628	2	2	0	2	e	0	31	0	0.05	0.1	14.391055	0.035240227	14.3558144	18	0	1	NA	NA	NA	NA	NA	NA	NA	8	0	8	17	0	1	NA	NA	NA	14	0	14
18	21353629	21353640	14	14	0	1	g	NA	31	0	0.05	0.1	NA	NA	NA	NA	NA	NA	NA	NA	NA	NA	NA	NA	NA	NA	NA	NA	17	0	1	NA	NA	NA	14	0	14
18	21353641	21679986	14	14	0	1	g	NA	31	0	0.0204262176166	0.42612054893	14	0	14	16	0	1	NA	NA	NA	NA	NA	NA	NA	8	0	8	16	0	1	NA	NA	NA	14	0	14
18	21679987	22350696	2	2	0	2	e	0	21	0	0.0281595663379	0.473175388001	10.069364	0.109731289	9.9596326	10	0	1	NA	NA	NA	NA	NA	NA	NA	8	0	8	11	0	1	NA	NA	NA	10	0	10
18	22350697	35748276	2	2	0	3	a	6	2	0	0.0838637078565	0.130898616505	2	0	2	2	0	1	NA	NA	NA	NA	NA	NA	NA	2	0	2	2	0	1	NA	NA	NA	2	0	2
18	35748277	36571649	2	2	0	2	d	5	2	0	0.0875914602271	0.118923651551	2.036269	0.116210003	1.9200586	2	0	1	NA	NA	NA	NA	NA	NA	NA	2	0	2	2	0	1	NA	NA	NA	2	0	2
18	36571650	36575637	2	2	0	2	d	3	NA	NA	NA	NA	2.036269	0.116210003	1.9200586	2	0	1	NA	NA	NA	NA	NA	NA	NA	NA	NA	NA	2	0	1	NA	NA	NA	2	0	2
18	36575638	63248453	2	2	0	2	d	5	2	0	0.0867103300617	0.132307421057	2.046925	0.118874115	1.9280509	2	0	1	NA	NA	NA	NA	NA	NA	NA	2	0	2	2	0	1	NA	NA	NA	2	0	2
18	63248454	63257346	1	1	0	2	d	4	2	0	0.05	0.1	2.046925	0.118874115	1.9280509	1	0	1	NA	NA	NA	NA	NA	NA	NA	1	0	1	1	0	1	NA	NA	NA	1	0	1
18	63257347	63275823	2	2	0	2	d	4	2	0	0.05	0.1	NA	NA	NA	2	0	1	NA	NA	NA	NA	NA	NA	NA	2	0	2	1	0	1	NA	NA	NA	2	0	2
18	63275824	63287924	1	1	0	1	g	NA	2	0	0.05	0.1	NA	NA	NA	1	0	1	NA	NA	NA	NA	NA	NA	NA	NA	NA	NA	2	0	1	NA	NA	NA	1	0	1
18	63287925	73165000	2	2	0	2	d	5	2	0	0.0879386266984	0.14335939462	2.087716	0.129071916	1.9586443	2	0	1	NA	NA	NA	NA	NA	NA	NA	2	0	2	2	0	1	NA	NA	NA	2	0	2
18	73165001	73284688	6	6	0	2	d	3	6	0	0.05	0.622110949192	5.370286	2.685142826	2.6851428	6	0	1	NA	NA	NA	NA	NA	NA	NA	5	0	5	6	0	1	NA	NA	NA	4	0	4
18	73284689	76117000	2	2	0	3	a	6	2	0	0.0848845193853	0.141912040162	2	0	2	2	0	1	NA	NA	NA	NA	NA	NA	NA	2	0	2	2	0	1	NA	NA	NA	2	0	2
18	76117001	78077247	2	2	0	2	d	4	NA	NA	NA	NA	2	0	2	2	0	0.682673038384458	3	0	0.317326961615542	0.0502591352779795	0.0465769052768643	0.711535662576661	0.898403329118022	2	0	2	2	0	1	NA	NA	NA	2	0	2
19	102500	277156	3	3	0	1	g	NA	2	0	0.05	0.1	NA	NA	NA	3	0	1	NA	NA	NA	NA	NA	NA	NA	NA	NA	NA	2	0	1	NA	NA	NA	3	0	3
19	277157	1216707	3	3	0	2	d	3	2	0	0.0700162396611	0.0978972548749	2.407405	0.010052446	2.3973526	3	0	1	NA	NA	NA	NA	NA	NA	NA	3	0	3	2	0	1	NA	NA	NA	3	0	3
19	1216708	1849774	1	1	0	2	d	3	1	0	0.0966979441234	0.142066090006	1.228618	0.105209629	1.1234084	1	0	0.841336519192233	2	0	0.158663480807767	0.0592875093046559	0.0564165506881098	0.768463864157138	0.982476513549769	2	1	1	1	0	1	NA	NA	NA	1	0	1
19	1849775	2291790	3	3	0	2	d	3	2	0	0.0485155229888	0.106385978904	2.362171	0.057199952	2.3049713	3	0	1	NA	NA	NA	NA	NA	NA	NA	3	0	3	2	0	1	NA	NA	NA	3	0	3
19	2291791	3644576	4	4	0	2	d	4	3	0	0.0504462732792	0.153243507349	3.544149	0.032778184	3.5113712	4	0	1	NA	NA	NA	NA	NA	NA	NA	4	0	4	4	0	1	NA	NA	NA	4	0	4
19	3644577	24399999	2	2	0	2	d	3	2.14	0	0.0776613014989	0.14150787461	2.29461	0.073405457	2.2212048	2	0	0.722631896508872	3	0	0.277368103491128	0.0151164013474652	0.0155363168702543	0.692414653646442	0.753638032826795	2	0	2	2	0	1	NA	NA	NA	2	0	2
19	24400000	28599999	2	2	0	2	d	4	2	0	0.0897072472257	0.221119371572	2.342998	0.11761481	2.2253827	NA	NA	NA	NA	NA	NA	NA	NA	NA	NA	2	0	2	2	0	1	NA	NA	NA	2	0	2
19	28600000	34744338	2	2	0	3	a	6	2	0	0.0836082406831	0.121806421341	2	0	2	2	0	1	NA	NA	NA	NA	NA	NA	NA	2	0	2	2	0	1	NA	NA	NA	2	0	2
19	34744339	34970162	3	3	0	2	d	4	3	0	0.0716957832289	0.12926945217	3.19811	0	3.1981095	4	0	1	NA	NA	NA	NA	NA	NA	NA	3	0	3	3	0	1	NA	NA	NA	3	0	3
19	34970163	59128982	2	2	0	2	d	4	2	0	0.0755600056095	0.189573405534	2.261953	0.052837835	2.2091147	2	0	0.589979959919842	3	0	0.410020040080158	0.0155546649120883	0.0148376063537833	0.64183716896362	0.699377986452768	2	0	2	2	0	1	NA	NA	NA	2	0	2
20	17500	8880788	5	4	1	2	d	2	3.14	0.67	0.0658481947029	0.184814327708	4.92156	1.023807208	3.8977531	NA	NA	NA	NA	NA	NA	NA	NA	NA	NA	5	1	4	4	1	1	NA	NA	NA	NA	NA	NA
20	8880789	14219999	4	3	1	2	d	2	2.14	0.74	0.0743710562172	0.13659237652	3.795563	1.003282798	2.7922799	NA	NA	NA	NA	NA	NA	NA	NA	NA	NA	4	1	3	3	1	1	NA	NA	NA	NA	NA	NA
20	14220000	14547521	3	2	1	2	d	3	2	1	0.0832292660987	0.265210827001	3.32197	0.916694912	2.4052749	NA	NA	NA	NA	NA	NA	NA	NA	NA	NA	3	1	2	2	1	1	NA	NA	NA	NA	NA	NA
20	14547522	14604966	3	2	1	2	d	4	2	1	0.05	0.166489491607	3	1	2	NA	NA	NA	NA	NA	NA	NA	NA	NA	NA	3	1	2	2	1	1	NA	NA	NA	NA	NA	NA
20	14604967	14790901	2	1	1	2	d	3	0.79	0.74	0.0563635025833	0.107996479085	2	1	1	NA	NA	NA	NA	NA	NA	NA	NA	NA	NA	2	1	1	1	1	1	NA	NA	NA	NA	NA	NA
20	14790902	14868346	2	1	1	2	d	2	NA	NA	NA	NA	2	1	1	NA	NA	NA	NA	NA	NA	NA	NA	NA	NA	1	0	1	1	1	1	NA	NA	NA	NA	NA	NA
20	14868347	14875303	2	1	1	1	h	1	NA	NA	NA	NA	NA	NA	NA	NA	NA	NA	NA	NA	NA	NA	NA	NA	NA	NA	NA	NA	1	1	1	NA	NA	NA	NA	NA	NA
20	14875304	14900843	2	1	1	1	h	1	NA	NA	NA	NA	NA	NA	NA	NA	NA	NA	NA	NA	NA	NA	NA	NA	NA	NA	NA	NA	1	1	1	NA	NA	NA	NA	NA	NA
20	14900844	15118152	2	1	1	2	d	4	1	1	0.0550524824161	0.123194373635	2	1	1	NA	NA	NA	NA	NA	NA	NA	NA	NA	NA	2	1	1	1	1	1	NA	NA	NA	NA	NA	NA
20	15118153	19320043	3	2	1	2	d	3	1.49	0.67	0.0762784425614	0.11892959102	3	1	2	NA	NA	NA	NA	NA	NA	NA	NA	NA	NA	3	1	2	2	1	1	NA	NA	NA	NA	NA	NA
20	19320044	20139977	4	3	1	2	d	5	2.33	0.74	0.074184444223	0.148635038339	4	1	3	3	1	1	NA	NA	NA	NA	NA	NA	NA	4	1	3	3	1	1	NA	NA	NA	4	1	3
20	20139978	23353965	3	2	1	2	d	5	1.49	0.67	0.0680463868182	0.120873354175	3	1	2	2	1	1	NA	NA	NA	NA	NA	NA	NA	3	1	2	2	1	1	NA	NA	NA	3	1	2
20	23353966	25599999	4	3	1	2	d	4	2.21	0.67	0.0703850757335	0.148507716935	3.82729	0.972008186	2.8552823	3	1	1	NA	NA	NA	NA	NA	NA	NA	4	1	3	3	1	1	NA	NA	NA	4	1	3
20	25600000	29419601	NA	NA	NA	NA	NA	NA	2.21	0.67	0.0656992197093	0.313070123498	3.82729	0.972008186	2.8552823	3	1	1	NA	NA	NA	NA	NA	NA	NA	4	1	3	3	1	1	NA	NA	NA	4	1	3
20	29419602	32792614	5	4	1	2	d	4	3.14	0.67	0.0676865376184	0.195430089231	5	1	4	4	1	0.659986639946563	5	1	0.340013360053437	0.0667149581755836	0.0618265896874137	0.709382984500021	0.963217092622965	5	1	4	4	1	1	NA	NA	NA	5	1	4
20	32792615	34890060	6	5	1	2	d	3	4.26	0.67	0.062469181007	0.187158001535	6.280661	1.035060063	5.2456007	5	1	1	NA	NA	NA	NA	NA	NA	NA	6	1	5	6	1	1	NA	NA	NA	6	1	5
20	34890061	36323245	6	5	1	2	d	3	4	0.74	0.0495777420217	0.181268094185	6.164852	1.070993064	5.093859	5	1	1	NA	NA	NA	NA	NA	NA	NA	6	1	5	6	1	1	NA	NA	NA	6	1	5
20	36323246	40326001	5	4	1	2	d	3	3	0.51	0.0690481983371	0.151069640314	4.683145	0.931227386	3.7519173	4	0	0.0995357695767463	4	1	0.900464230423254	0.0176306521386456	0.0183861268348478	0.0157036323214992	0.0862867987169236	5	1	4	4	1	1	NA	NA	NA	5	1	4
20	40326002	43998495	6	5	1	2	d	4	3.67	0.51	0.0603194974882	0.150359354025	5.701644	0.945969704	4.7556745	5	1	1	NA	NA	NA	NA	NA	NA	NA	6	1	5	5	1	1	NA	NA	NA	6	1	5
20	43998496	49047197	6	5	1	2	d	3	3.67	0.51	0.0577401389805	0.173212963911	6	1	5	5	1	0.50382816915884	6	1	0.49617183084116	0.0503809257345502	0.0484295770928701	0.587072551253783	0.781312458719552	6	1	5	6	1	1	NA	NA	NA	6	1	5
20	49047198	51773852	5	4	1	2	d	3	2.8	0.51	0.0640419131501	0.143419827672	4.852988	0.955366121	3.8976219	4	0	0.120389496942606	4	1	0.879610503057394	0.0188661470871006	0.0186126601008602	0.0533432394389376	0.127915933908208	5	1	4	4	1	1	NA	NA	NA	5	1	4
20	51773853	52462579	6	5	1	2	d	3	3.67	0.51	0.060349294628	0.16885334766	6	1	5	5	1	0.405011205843661	6	1	0.594988794156339	0.115722423446787	0.117714298501153	0.0435039450133764	0.520640735015671	6	1	5	6	1	1	NA	NA	NA	6	1	5
20	52462580	53479244	5	4	1	2	d	4	2.8	0.51	0.0725850605107	0.154724631133	4.749991	0.978402674	3.7715879	4	1	1	NA	NA	NA	NA	NA	NA	NA	5	1	4	4	1	1	NA	NA	NA	5	1	4
20	53479245	54714760	4	3	1	2	e	1	3.49	0.51	0.0624082969681	0.175894388652	5.723851	1.006108801	4.7177423	5	1	1	NA	NA	NA	NA	NA	NA	NA	5	1	4	5	1	1	NA	NA	NA	5	1	4
20	54714761	55580387	5	4	1	2	d	3	2.67	0.51	0.0602747116595	0.142782470364	4.841621	0.988108086	3.8535135	4	0	0.0969279217776236	4	1	0.903072078222376	0.0326325615519958	0.033350899203346	0.0141096426827398	0.14309559609676	5	1	4	4	1	1	NA	NA	NA	5	1	4
20	55580388	57952016	6	5	1	2	d	3	3.8	0.51	0.0596111394388	0.164223444682	5.819065	0.953225336	4.8658395	5	0	0.106816177458304	5	1	0.893183822541696	0.010195501250798	0.0105933339583902	0.0857393988978194	0.125730971688046	6	1	5	5	1	1	NA	NA	NA	6	1	5
20	57952017	62432500	6	5	1	2	d	3	3.8	0.51	0.0569777385394	0.221994840431	5.87076	0.971469134	4.8992909	5	0	0.106816177458304	5	1	0.893183822541696	0.010195501250798	0.0105933339583902	0.0857393988978194	0.125730971688046	6	1	5	5	1	1	NA	NA	NA	6	1	5
21	1	9417499	NA	NA	NA	NA	NA	NA	2.26	0	0.05	0.1	NA	NA	NA	NA	NA	NA	NA	NA	NA	NA	NA	NA	NA	NA	NA	NA	2	0	1	NA	NA	NA	NA	NA	NA
21	9417500	10899999	NA	NA	NA	NA	NA	NA	2.26	0	0.05	0.304127360777	NA	NA	NA	NA	NA	NA	NA	NA	NA	NA	NA	NA	NA	NA	NA	NA	2	0	1	NA	NA	NA	NA	NA	NA
21	10900000	14299999	2	2	0	2	f	2	2.26	0	0.05	0.280292527721	NA	NA	NA	NA	NA	NA	NA	NA	NA	NA	NA	NA	NA	NA	NA	NA	2	0	0.463204	2	1	0.536796	NA	NA	NA
21	14300000	15338106	2	2	0	2	d	3	2.26	0	0.101330461977	0.361002024524	NA	NA	NA	2	0	1	NA	NA	NA	NA	NA	NA	NA	2	0	2	2	0	1	NA	NA	NA	NA	NA	NA
21	15338107	21606875	2	2	0	2	d	3	2.26	0	0.0819260581307	0.131132314287	2.191352	0.117353141	2.0739992	2	0	1	NA	NA	NA	NA	NA	NA	NA	2	0	2	2	0	1	NA	NA	NA	NA	NA	NA
21	21606876	21653221	2	2	0	2	d	4	2.26	0	0.05	0.1	2.191352	0.117353141	2.0739992	2	0	1	NA	NA	NA	NA	NA	NA	NA	2	0	2	2	0	1	NA	NA	NA	2	0	2
21	21653222	21653382	2	2	0	2	d	2	NA	NA	NA	NA	NA	NA	NA	NA	NA	NA	NA	NA	NA	NA	NA	NA	NA	1	0	1	2	0	1	NA	NA	NA	2	0	2
21	21653383	21658524	2	2	0	1	g	NA	NA	NA	NA	NA	NA	NA	NA	3	0	1	NA	NA	NA	NA	NA	NA	NA	1	0	1	2	0	1	NA	NA	NA	2	0	2
21	21658525	21659913	2	2	0	2	d	2	NA	NA	NA	NA	NA	NA	NA	1	0	1	NA	NA	NA	NA	NA	NA	NA	NA	NA	NA	2	0	1	NA	NA	NA	2	0	2
21	21659914	21931103	2	2	0	2	d	4	2.14	0	0.0892044788116	0.151039641708	2.308707	0.14551819	2.1631886	2	0	1	NA	NA	NA	NA	NA	NA	NA	2	0	2	2	0	1	NA	NA	NA	2	0	2
21	21931104	26917043	2	2	0	2	d	4	2.14	0	0.0876263019366	0.134091084498	2.190574	0.154786425	2.0357878	2	0	1	NA	NA	NA	NA	NA	NA	NA	2	0	2	2	0	1	NA	NA	NA	2	0	2
21	26917044	27035193	2	2	0	2	d	4	2.14	0	0.0693001020799	0.106184528968	2.133405	0.108555824	2.0248489	2	0	1	NA	NA	NA	NA	NA	NA	NA	2	0	2	2	0	1	NA	NA	NA	2	0	2
21	27035194	37794464	2	2	0	2	d	4	2.14	0	0.0842148743093	0.136727039416	2.156424	0.091427568	2.0649967	2	0	1	NA	NA	NA	NA	NA	NA	NA	2	0	2	2	0	1	NA	NA	NA	2	0	2
21	37794465	37825437	1	1	0	2	d	4	2.14	0	0.05	0.1	2.156424	0.091427568	2.0649967	1	0	1	NA	NA	NA	NA	NA	NA	NA	1	0	1	1	0	1	NA	NA	NA	1	0	1
21	37825438	37837547	1	1	0	2	d	4	1	0	0.05	0.1	NA	NA	NA	1	0	1	NA	NA	NA	NA	NA	NA	NA	NA	NA	NA	1	0	1	NA	NA	NA	1	0	1
21	37837548	45635246	1	1	0	3	a	6	1	0	0.0973198119238	0.0977053637138	1	0	1	1	0	1	NA	NA	NA	NA	NA	NA	NA	1	0	1	1	0	1	NA	NA	NA	1	0	1
21	45635247	47770117	1	1	0	3	a	6	1	0	0.096441195295	0.108135842353	1	0	1	1	0	1	NA	NA	NA	NA	NA	NA	NA	1	0	1	1	0	1	NA	NA	NA	1	0	1
21	47770118	47824756	500	437	63	1	g	NA	NA	NA	NA	NA	1	0	1	2	0	1	NA	NA	NA	NA	NA	NA	NA	3	1	2	2	0	1	NA	NA	NA	500	63	437
22	1	12199999	2	2	0	1	g	NA	NA	NA	NA	NA	NA	NA	NA	NA	NA	NA	NA	NA	NA	NA	NA	NA	NA	NA	NA	NA	NA	NA	NA	NA	NA	NA	2	0	2
22	12200000	17899999	2	2	0	2	d	4	2	0	0.0818230605167	0.207780265696	2.097229	0.103657191	1.9935716	2	0	0.682673038384458	3	0	0.317326961615542	0.0783034180086577	0.0737049110203611	0.69883870202108	0.983498028703639	2	0	2	2	0	1	NA	NA	NA	2	0	2
22	17900000	49691400	2	2	0	2	d	3	2.14	0	0.0746775419683	0.148409805374	2.240671	0.048182584	2.1924888	2	0	0.634905818264135	3	0	0.365094181735865	0.0135056034081449	0.0135223653540143	0.607128245133536	0.6613959690627	2	0	2	2	0	1	NA	NA	NA	2	0	2
22	49691401	51304565	2	2	0	2	d	2	NA	NA	NA	NA	2.272898	0.045491353	2.2274062	2	0	0.634905818264135	3	0	0.365094181735865	0.0135056034081449	0.0135223653540143	0.607128245133536	0.6613959690627	3	0	3	2	0	1	NA	NA	NA	2	0	2
X	1	5836850	1	1	0	3	a	3	1	0	0.0672690829057	0.198298607826	1	0	1	NA	NA	NA	NA	NA	NA	NA	NA	NA	NA	1	0	1	NA	NA	NA	NA	NA	NA	2	1	1
X	5836851	5946214	1	1	0	2	d	2	1	0	0.05	0.1	0.157	0	0.157	NA	NA	NA	NA	NA	NA	NA	NA	NA	NA	1	0	1	NA	NA	NA	NA	NA	NA	2	1	1
X	5946215	58099999	1	1	0	3	a	3	1	0	0.05	0.212841296464	1	0	1	NA	NA	NA	NA	NA	NA	NA	NA	NA	NA	1	0	1	NA	NA	NA	NA	NA	NA	NA	NA	NA
X	58100000	62999999	1	1	0	2	d	2	1	0	0.05	0.682255319861	1.119481	0	1.119481	NA	NA	NA	NA	NA	NA	NA	NA	NA	NA	1	0	1	NA	NA	NA	NA	NA	NA	NA	NA	NA
X	63000000	122079001	1	1	0	3	a	3	1	0	0.05	0.171588230261	1	0	1	NA	NA	NA	NA	NA	NA	NA	NA	NA	NA	1	0	1	NA	NA	NA	NA	NA	NA	NA	NA	NA
X	122079002	122147659	2	2	0	1	h	1	1	0	0.05	0.1	1.764134	0	1.764134	NA	NA	NA	NA	NA	NA	NA	NA	NA	NA	2	0	2	NA	NA	NA	NA	NA	NA	NA	NA	NA
X	122147660	134068142	1	1	0	3	a	3	1	0	0.05	0.179146879293	1	0	1	NA	NA	NA	NA	NA	NA	NA	NA	NA	NA	1	0	1	NA	NA	NA	NA	NA	NA	NA	NA	NA
X	134068143	134084404	1	1	0	1	h	1	NA	NA	NA	NA	1.49044	0	1.49044	NA	NA	NA	NA	NA	NA	NA	NA	NA	NA	2	0	2	NA	NA	NA	NA	NA	NA	NA	NA	NA
X	134084405	134181260	3	3	0	2	d	2	1.78	0	0.05	0.1	3	0	3	NA	NA	NA	NA	NA	NA	NA	NA	NA	NA	3	0	3	NA	NA	NA	NA	NA	NA	NA	NA	NA
X	134181261	154948298	2	2	0	2	d	2	1.78	0	0.05	0.253364910756	2	0	2	NA	NA	NA	NA	NA	NA	NA	NA	NA	NA	2	0	2	NA	NA	NA	NA	NA	NA	3	0	3
X	154948299	155033488	2	2	0	1	h	1	NA	NA	NA	NA	2	0	2	NA	NA	NA	NA	NA	NA	NA	NA	NA	NA	1	0	1	NA	NA	NA	NA	NA	NA	0	0	0
Y	1	11599999	1	1	0	1	h	1	NA	NA	NA	NA	0.81316	0	0.81316	NA	NA	NA	NA	NA	NA	NA	NA	NA	NA	NA	NA	NA	NA	NA	NA	NA	NA	NA	3	0	3
Y	11600000	13399999	1	1	0	1	h	1	NA	NA	NA	NA	1.179381	0	1.179381	NA	NA	NA	NA	NA	NA	NA	NA	NA	NA	NA	NA	NA	NA	NA	NA	NA	NA	NA	3	0	3
Y	13400000	59373565	1	1	0	1	h	1	NA	NA	NA	NA	0.869014	0	0.869014	NA	NA	NA	NA	NA	NA	NA	NA	NA	NA	NA	NA	NA	NA	NA	NA	NA	NA	NA	3	0	3
